product_ids,attributes,quantity,supplier cost,MRP
17144,Size:34,2,4.272727273,0
17145,Size:34,2,4.272727273,0
17146,Size:34,2,4.272727273,0
17147,Size:34,2,4.272727273,0
17148,Size:34,2,4.272727273,0
17149,Size:34,2,4.272727273,0
17150,Size:34,2,4.272727273,0
17151,Size:34,2,4.272727273,0
17144,Size:36,2,4.272727273,0
17145,Size:36,2,4.272727273,0
17146,Size:36,2,4.272727273,0
17147,Size:36,2,4.272727273,0
17148,Size:36,2,4.272727273,0
17149,Size:36,2,4.272727273,0
17150,Size:36,2,4.272727273,0
17151,Size:36,2,4.272727273,0
17144,Size:38,2,4.727272727,2
17145,Size:38,2,4.727272727,2
17146,Size:38,2,4.727272727,2
17147,Size:38,2,4.727272727,2
17148,Size:38,2,4.727272727,2
17149,Size:38,2,4.727272727,2
17150,Size:38,2,4.727272727,2
17151,Size:38,2,4.727272727,2
17144,Size:40,2,4.727272727,2
17145,Size:40,2,4.727272727,2
17146,Size:40,2,4.727272727,2
17147,Size:40,2,4.727272727,2
17148,Size:40,2,4.727272727,2
17149,Size:40,2,4.727272727,2
17150,Size:40,2,4.727272727,2
17151,Size:40,2,4.727272727,2
17144,Size:42,2,5.181818182,3
17145,Size:42,2,5.181818182,3
17146,Size:42,2,5.181818182,3
17147,Size:42,2,5.181818182,3
17148,Size:42,2,5.181818182,3
17149,Size:42,2,5.181818182,3
17150,Size:42,2,5.181818182,3
17151,Size:42,2,5.181818182,3
17144,Size:44,2,5.181818182,3
17145,Size:44,2,5.181818182,3
17146,Size:44,2,5.181818182,3
17147,Size:44,2,5.181818182,3
17148,Size:44,2,5.181818182,3
17149,Size:44,2,5.181818182,3
17150,Size:44,2,5.181818182,3
17151,Size:44,2,5.181818182,3
17144,Size:46,2,7.272727273,9
17145,Size:46,2,7.272727273,9
17146,Size:46,2,7.272727273,9
17147,Size:46,2,7.272727273,9
17148,Size:46,2,7.272727273,9
17149,Size:46,2,7.272727273,9
17150,Size:46,2,7.272727273,9
17151,Size:46,2,7.272727273,9
17144,Size:48,2,7.272727273,9
17145,Size:48,2,7.272727273,9
17146,Size:48,2,7.272727273,9
17147,Size:48,2,7.272727273,9
17148,Size:48,2,7.272727273,9
17149,Size:48,2,7.272727273,9
17150,Size:48,2,7.272727273,9
17151,Size:48,2,7.272727273,9
17144,Size:50,2,8.181818182,12
17145,Size:50,2,8.181818182,12
17146,Size:50,2,8.181818182,12
17147,Size:50,2,8.181818182,12
17148,Size:50,2,8.181818182,12
17149,Size:50,2,8.181818182,12
17150,Size:50,2,8.181818182,12
17151,Size:50,2,8.181818182,12
17144,Size:52,2,8.181818182,12
17145,Size:52,2,8.181818182,12
17146,Size:52,2,8.181818182,12
17147,Size:52,2,8.181818182,12
17148,Size:52,2,8.181818182,12
17149,Size:52,2,8.181818182,12
17150,Size:52,2,8.181818182,12
17151,Size:52,2,8.181818182,12
17144,Size:54,2,9.090909091,15
17145,Size:54,2,9.090909091,15
17146,Size:54,2,9.090909091,15
17147,Size:54,2,9.090909091,15
17148,Size:54,2,9.090909091,15
17149,Size:54,2,9.090909091,15
17150,Size:54,2,9.090909091,15
17151,Size:54,2,9.090909091,15
17144,Size:56,2,9.090909091,15
17145,Size:56,2,9.090909091,15
17146,Size:56,2,9.090909091,15
17147,Size:56,2,9.090909091,15
17148,Size:56,2,9.090909091,15
17149,Size:56,2,9.090909091,15
17150,Size:56,2,9.090909091,15
17151,Size:56,2,9.090909091,15
17144,Size:58,2,10.90909091,20
17145,Size:58,2,10.90909091,20
17146,Size:58,2,10.90909091,20
17147,Size:58,2,10.90909091,20
17148,Size:58,2,10.90909091,20
17149,Size:58,2,10.90909091,20
17150,Size:58,2,10.90909091,20
17151,Size:58,2,10.90909091,20
17144,Size:60,2,10.90909091,20
17145,Size:60,2,10.90909091,20
17146,Size:60,2,10.90909091,20
17147,Size:60,2,10.90909091,20
17148,Size:60,2,10.90909091,20
17149,Size:60,2,10.90909091,20
17150,Size:60,2,10.90909091,20
17151,Size:60,2,10.90909091,20
