Product ID,Attribution,Quantity,Supplier Cost,MRP
63132,Size:42,5,25,1
63132,Size:44,5,50,2
63132,Size:46,5,100,4
63132,Size:48,5,125,5
63132,Size:50,5,150,6
63132,Size:52,5,175,7
63132,Size:54,5,200,8
63132,Size:56,5,225,9
63132,Size:58,5,250,10
63132,Size:60,5,275,11
63133,Size:42,5,25,1
63133,Size:44,5,50,2
63133,Size:46,5,100,4
63133,Size:48,5,125,5
63133,Size:50,5,150,6
63133,Size:52,5,175,7
63133,Size:54,5,200,8
63133,Size:56,5,225,9
63133,Size:58,5,250,10
63133,Size:60,5,275,11
63134,Size:42,5,25,1
63134,Size:44,5,50,2
63134,Size:46,5,100,4
63134,Size:48,5,125,5
63134,Size:50,5,150,6
63134,Size:52,5,175,7
63134,Size:54,5,200,8
63134,Size:56,5,225,9
63134,Size:58,5,250,10
63134,Size:60,5,275,11
63135,Size:42,5,25,1
63135,Size:44,5,50,2
63135,Size:46,5,100,4
63135,Size:48,5,125,5
63135,Size:50,5,150,6
63135,Size:52,5,175,7
63135,Size:54,5,200,8
63135,Size:56,5,225,9
63135,Size:58,5,250,10
63135,Size:60,5,275,11
63136,Size:42,5,25,1
63136,Size:44,5,50,2
63136,Size:46,5,100,4
63136,Size:48,5,125,5
63136,Size:50,5,150,6
63136,Size:52,5,175,7
63136,Size:54,5,200,8
63136,Size:56,5,225,9
63136,Size:58,5,250,10
63136,Size:60,5,275,11
63137,Size:42,5,25,1
63137,Size:44,5,50,2
63137,Size:46,5,100,4
63137,Size:48,5,125,5
63137,Size:50,5,150,6
63137,Size:52,5,175,7
63137,Size:54,5,200,8
63137,Size:56,5,225,9
63137,Size:58,5,250,10
63137,Size:60,5,275,11
63138,Size:42,5,25,1
63138,Size:44,5,50,2
63138,Size:46,5,100,4
63138,Size:48,5,125,5
63138,Size:50,5,150,6
63138,Size:52,5,175,7
63138,Size:54,5,200,8
63138,Size:56,5,225,9
63138,Size:58,5,250,10
63138,Size:60,5,275,11
63139,Size:42,5,25,1
63139,Size:44,5,50,2
63139,Size:46,5,100,4
63139,Size:48,5,125,5
63139,Size:50,5,150,6
63139,Size:52,5,175,7
63139,Size:54,5,200,8
63139,Size:56,5,225,9
63139,Size:58,5,250,10
63139,Size:60,5,275,11
63140,Size:42,5,25,1
63140,Size:44,5,50,2
63140,Size:46,5,100,4
63140,Size:48,5,125,5
63140,Size:50,5,150,6
63140,Size:52,5,175,7
63140,Size:54,5,200,8
63140,Size:56,5,225,9
63140,Size:58,5,250,10
63140,Size:60,5,275,11
