SKU,Exclusive
10316,0
10349,0
10350,0
11016,0
11017,0
11021,0
11394,0
11398,0
11399,0
11402,0
11775,0
11777,0
11779,0
11861,0
11865,0
11866,0
13027,0
13030,0
13031,0
13034,0
14800,0
14860,0
14861,0
14862,0
15184,0
15393,0
15402,0
15405,0
15406,0
15411,0
15503,0
15504,0
15507,0
15510,0
15513,0
18118,0
18119,0
18120,0
18121,0
18122,0
18123,0
18124,0
18125,0
18126,0
18127,0
18128,0
18129,0
19011,0
19156,0
2663,0
2666,0
5286,0
5291,0
5292,0
5295,0
5627,0
5924,0
5933,0
6209,0
6241,0
6745,0
7008,0
7163,0
7175,0
7176,0
7180,0
7181,0
7184,0
7190,0
9116,0
9118,0
9122,0
