sku,
10000,
10001,
10006,
10009,
10053,
10054,
10055,
10056,
10057,
10079,
10080,
10081,
10091,
10125,
10165,
10166,
10173,
10190,
10201,
10243,
10245,
10251,
10252,
10255,
10256,
10257,
10259,
10260,
10263,
10266,
10267,
10268,
10269,
10270,
10271,
10272,
10273,
10286,
10287,
10291,
10306,
10308,
10309,
10339,
10340,32
10341,34
10342,36
10343,38
10344,40
10346,42
10347,
10348,32
10351,34
10352,36
10354,38
10355,40
10356,42
10387,
10394,34
10395,36
10398,38
10402,40
10404,42
10405,
10406,36
10407,42
10408,
10409,32
10410,34
10411,36
10412,38
10417,40
10418,42
10421,
10426,32
10428,34
10430,36
10432,38
10433,40
10441,42
10442,
10452,32
10453,34
10456,36
10459,38
10466,40
10467,42
10542,
10543,32
10545,34
10546,36
10554,38
10556,40
10557,42
10558,
10560,32
10562,34
10563,36
10564,38
10569,40
10741,42
10773,
10774,32
10775,34
11034,36
11036,38
11039,40
11040,42
11042,
11059,44
11060,
11064,34
11067,36
11069,38
11070,40
11073,42
11074,
11075,
11079,
11082,
11083,
11084,
11085,
11086,
11090,
11091,
11092,
11095,
11109,
11115,
11148,
11153,
11154,
11157,
11158,
11161,
11338,
11339,
11340,
11341,
11342,
11343,
11344,
11345,
11346,
11348,
11349,
11350,
11460,
11461,
11462,
11463,
11465,
11467,
11468,
11475,
11477,
11480,
11488,
11489,
11490,
11505,
11565,
11566,
11567,
11570,
11571,
11624,
11788,
11789,
11790,
11792,
11795,
12,
12464,
12537,
12596,
12599,
12600,
12601,
12602,
12604,
12605,
12606,
12607,
12608,
12971,
13,
13019,
13020,
13021,
13025,
13032,
13294,
13295,
13296,
13297,
13298,
13299,
13300,
13301,
13302,
13303,
13304,
13305,
13306,
13307,
13308,
13309,
13310,
13311,
13312,
13313,
13314,
13315,
13316,
13317,
13318,
13319,
13321,
13322,
13323,
13324,
13325,
13326,
13327,
13328,
13329,
13330,
13331,
13332,
13333,
13334,
13336,
13337,
13338,
13505,
13511,
13515,
13517,
13909,
140,
143,
144,
14452,
14453,
14455,
14457,
14458,
14459,36
14460,
14461,32
14463,34
14465,36
14466,38
14467,40
14468,42
14469,32
14470,34
14471,36
14472,38
14473,40
14474,42
14475,32
14476,34
14477,36
14478,38
14479,40
14480,42
14481,32
14482,34
14483,36
14485,38
14486,40
14487,42
14488,
14490,
145,
146,
147,
14915,
14916,
14917,
1514,
1516,
1518,
1528,
1530,
1532,
1539,
1547,
1548,
15498,
15499,
155,
15500,
15501,
15502,
15505,
15506,
15508,
15509,
15511,
15512,
15514,
15515,
15516,
15517,
15518,
15519,
15520,
15562,
15602,
15603,
15606,
15608,
15609,
15610,
15611,
15617,
15620,
15621,
15622,
15623,
15663,
15664,
15665,
15666,
15667,
15668,
15669,
15672,
15673,
15674,
15675,
15676,
15677,
15678,
157,
15726,
15727,
15728,
15729,
15730,
15731,
15732,
15733,
15734,
15735,
15736,
15737,
15738,
15739,
15740,
15741,
15742,
15743,
15744,
15745,
15746,
15747,
15748,
15749,
15750,
15751,
15752,
15753,
15754,
15755,
15756,
15757,
15758,
15759,
15760,
15761,32
15762,34
15763,36
15764,38
15765,40
15766,42
15767,32
15768,34
15769,36
15770,38
15771,40
15772,42
15773,
15774,32
15775,34
15776,36
15777,38
15778,40
15779,42
15841,32
15847,34
15848,36
15881,38
15890,40
15892,42
15893,32
15895,34
15896,36
159,38
15900,40
15975,42
16,32
16206,34
16207,36
16208,38
16209,40
16210,42
16211,32
16212,34
16213,36
16214,38
16215,40
16216,42
16217,32
16218,34
16220,36
16221,38
16222,40
16223,42
16224,32
16229,34
16230,36
16231,38
16232,40
16291,42
16292,32
16293,34
16294,36
16295,38
16296,40
16297,42
16298,32
16299,34
16300,36
16301,38
16302,40
16303,42
16304,32
16305,34
16306,36
16307,38
16308,40
16309,42
16310,32
16311,34
16672,36
16673,38
16674,40
16675,42
16676,32
16677,34
16678,36
16679,38
16680,40
16681,42
16682,32
16683,34
16684,36
16685,38
16686,40
16687,42
16688,32
16689,34
16690,36
16691,38
16692,40
16693,42
16694,32
16695,34
16696,36
16697,38
16698,40
16699,42
16700,32
16701,34
16702,36
16703,38
16704,40
16705,42
16706,
16707,
16708,
16709,
16710,
16711,
16712,
16718,
16802,
16803,
16804,
16805,
16806,
16807,
16808,
16809,
16810,
16811,
16812,
16813,
16814,
16815,
16817,
16818,
16819,
16820,
16821,
16823,
16824,
16825,
16826,
16827,
16894,
17214,
17286,
17287,
17288,
17289,
17290,
17291,
17292,
17293,
17294,
17296,
17297,
17299,
17315,
17328,
17329,
17330,
17331,
17332,
17333,
17334,
17335,
17336,
17337,
17338,
17361,
17441,
17442,
17696,
17697,
17698,
17699,
17700,
17701,
17702,
17703,
17704,
17705,
17706,
17707,
17708,
17709,
17736,
17737,
17738,
17739,
17740,
17741,
17742,
17743,
17744,34
17745,36
17746,38
17747,40
17748,42
17749,46
17750,48
17751,
17755,34
17760,36
17761,38
17762,40
17764,42
17765,46
17766,48
17768,
17773,46
17774,
17775,34
17776,36
17778,38
17779,40
17781,42
17784,46
17786,48
17787,
17789,34
17792,36
17794,38
17795,40
17796,42
17797,46
17913,48
17914,
17916,34
17917,36
17922,38
17923,40
17924,42
17925,46
17965,48
17966,
17967,34
17969,36
17970,38
17976,40
17977,42
17979,46
17980,48
17981,
18,34
18063,36
18064,38
18065,40
18066,42
18068,46
18069,48
18222,
18223,34
18231,36
18232,38
18233,40
18234,42
18235,46
18236,48
18237,
18238,
18240,34
18241,36
184,38
18552,40
18553,42
18554,46
18555,48
18556,
18557,
18558,
18559,
19,
19017,
19018,
19019,
19020,
19021,
19022,
19023,
19024,
19025,
19027,
19028,
19029,34
19030,36
19031,38
19032,40
19175,42
19176,34
19177,36
19186,38
19187,40
19190,42
19191,34
19192,36
19193,38
19194,40
19197,42
19199,34
19201,36
19202,38
19203,40
19205,42
19208,34
19210,36
19211,38
19214,40
19216,42
19217,
19219,
19221,
19225,
19232,
19234,
19239,
19242,
19243,
19244,
19246,
19247,
193,
19330,
19333,
19335,
19336,
19338,
19340,
19341,
19342,
19343,
194,
19615,
19616,
19617,36
19618,38
19619,40
19620,42
19621,
19622,36
19623,38
19624,40
19625,42
19626,
19627,36
19628,38
19640,40
19641,42
19642,
19644,36
19645,38
19646,40
19647,42
19648,46
19649,48
19650,36
19651,38
19652,40
19653,42
19654,46
19655,48
19656,36
19657,38
19727,40
19754,42
19755,
19756,36
19757,38
19758,40
19759,42
19760,
19761,36
19762,38
19763,40
19764,42
19765,
19766,36
19767,38
19768,40
19777,42
19784,
19786,36
19788,38
19789,40
19795,42
19805,
19806,36
19807,38
19810,40
19811,42
19812,
19813,36
19815,38
19818,40
19819,42
19820,
20,36
20018,38
20019,40
20020,42
20021,46
20022,48
20023,36
20024,38
20025,40
20026,42
20027,
201,36
20168,38
20172,40
20187,42
202,
203,36
206,38
207,40
208,42
209,
210,36
211,38
213,40
214,42
216,
217,36
22,38
227,40
228,42
229,
234,36
239,38
241,40
242,42
243,
244,36
25,38
268,40
2685,42
2686,
2687,36
2688,38
2689,40
2690,42
2691,
2692,36
2693,38
2694,40
2695,42
2696,
2697,36
2698,38
2699,40
2700,42
2701,
2702,36
2703,38
2704,40
2705,42
2706,
2707,40
2709,
271,36
2710,38
2711,40
2712,42
2713,
2714,36
2715,38
2716,40
2717,42
2718,
272,36
2720,38
2721,40
2722,42
2723,
2724,36
2725,38
2726,40
2727,42
2728,
2729,36
2730,38
2731,40
2732,42
2775,
2777,36
2778,38
2780,40
2781,42
2782,
2786,36
2788,38
2789,40
279,42
2790,
2796,36
28,38
2801,40
2802,42
2804,46
2805,48
2806,36
2809,38
2812,40
2815,42
2816,
2817,36
2820,38
2822,40
2823,42
2824,
2826,36
2828,38
2829,40
2830,42
2831,
2833,36
2834,38
2835,40
2836,42
2837,46
2838,48
2839,36
2840,38
2841,40
2842,42
2844,
2845,36
2847,38
2848,40
2849,42
2850,
2852,36
2856,38
2857,40
2861,42
2864,
2866,36
2868,38
2869,40
2870,42
2871,
2872,
2873,
2874,
2875,
2877,
2878,
2880,
2881,
2883,
2884,
2885,
2893,
2898,
29,
2900,
2901,
2902,
2904,
2909,
2912,
302,
303,
32,
33,
36,
434,
435,
44,
442,
443,
4585,
4589,
461,
462,
463,
464,
465,
467,
474,
486,
487,
490,
493,
495,
504,
510,
5249,
5277,
5278,
5279,
5280,
5281,
5297,
5298,
5299,
5300,
540,
543,
547,
553,
56,
57,
5799,
5800,
5802,
5803,
5804,
5806,
5811,
5812,
5814,
5815,
5816,
5817,
5821,
5822,
5823,
5824,
5825,
5826,
5828,
5830,
5831,
5893,
5894,
5895,
5896,
5897,
5899,
5900,
5901,
5902,36
5903,38
5904,42
5905,36
5906,38
5907,40
5908,42
5909,36
5910,38
5911,40
5912,42
5913,36
5914,38
5936,40
5937,42
5938,
5939,36
5940,38
5941,40
6,42
6070,36
6071,42
6073,36
6079,38
6080,40
6081,42
6082,36
6083,38
6087,40
6315,42
6316,38
6317,40
6318,42
6319,36
6320,40
6321,42
6322,36
6323,38
6324,40
6325,42
6326,36
6327,38
6328,40
6329,42
6330,36
6331,40
6335,42
6336,36
6337,38
6338,40
6339,42
6340,36
6341,38
6342,40
6343,42
6344,36
6345,38
6346,40
6347,42
6348,
6349,
6350,
6351,
6352,
6353,
6354,
6359,
65,
6756,
6760,
7,
747,
7725,
7989,
8,
8020,
8031,
8036,
8041,
8044,
8045,
8046,
8051,
8057,
8058,
8060,
8062,
8070,
8071,
84,
85,
8748,
8751,
8752,
8761,
8762,
88,
89,
8968,
8972,
8988,
8990,
8996,
8997,
8998,
8999,
9,
90,
9000,
9001,
9171,
9172,
9173,
9174,
9175,
9176,
9177,
9178,
9179,
9180,
9181,
9182,
9183,
9185,
9338,
9339,
9340,
9341,
9342,
9343,
9344,
9346,
9348,
9349,
9350,
9351,
9353,
9354,
9355,
9356,
9359,
9360,
9361,
9362,
9363,
9364,
9365,
9366,
9367,
9368,
9369,
9372,
9373,
9374,
9375,
9378,
9379,
9380,
9381,
9382,
9383,
9384,
9385,
9387,
9388,
9389,
9390,
9393,
9395,
9396,
9398,
942,
943,
9435,
9436,
9437,
9438,
9439,
944,
9440,
9441,
9442,
9443,
9444,
9445,36
9446,38
9447,40
9448,42
9449,
9450,36
9451,38
9452,40
9457,42
9458,
9460,36
9463,38
9464,40
9465,42
9466,
9467,36
9468,38
9469,40
947,42
9470,
948,36
9483,38
9484,40
9485,42
9486,
9489,36
9490,38
9492,40
950,42
951,
956,36
959,38
973,40
977,42
978,
981,36
9848,38
9849,40
9850,42
9852,
9861,36
9863,38
9867,40
9872,42
9875,
9876,36
9944,38
9945,40
9946,42
9947,
9948,36
9949,38
9950,40
9951,42
9952,
9966,36
9969,38
9971,40
9972,42
9975,
9976,36
9980,38
9984,40
9987,42
9988,
9992,32
9994,34
9995,36
9996,38
9997,40
10,42
10015,
10016,
10017,
10150,
10164,
10174,
10175,
10199,
10320,
10321,
10327,
10353,
10392,
10393,
10435,
10436,
10437,
10438,
10450,
10551,
10712,
10713,
10714,
10781,
10786,
10792,32
10793,34
10848,36
10849,38
10850,40
10851,42
10852,46
10853,48
10854,52
10855,54
10856,56
10857,
10858,32
10859,34
11,36
11051,38
11058,40
11088,42
11089,46
11454,48
11466,52
11619,54
11621,56
11622,
11623,32
11625,34
11626,36
11787,38
11903,40
11904,42
11905,46
11906,48
11910,52
11911,54
11913,56
11914,
11916,32
11917,34
11918,36
11919,38
11921,40
11922,42
11924,46
11925,48
11926,52
11928,54
11930,56
11932,
11934,32
11935,34
11938,36
11939,38
12634,40
12636,42
12637,46
12644,48
12645,52
12648,54
12650,56
12651,
12652,32
12653,34
12654,36
12655,38
12656,40
13018,42
13126,46
13355,48
13510,52
13513,54
13514,56
13518,
142,32
14454,34
14456,36
14462,38
14464,40
14489,42
14790,46
14791,48
14792,52
14793,54
14795,56
14796,
14797,32
14798,34
14799,36
14801,38
14802,40
14803,42
14804,46
14805,48
14806,52
14807,54
14896,56
14897,
14898,
14899,32
149,34
14900,38
14901,40
14902,
14903,34
14904,36
14905,38
14906,40
14907,
14908,34
14909,36
14910,38
14911,40
14912,
14913,32
14914,34
14937,38
14938,40
14939,
14940,34
14941,36
14942,38
14943,40
14944,
14945,34
14947,36
14948,38
14949,40
14950,
14951,34
14952,36
14953,40
14954,
15,34
1525,36
1536,38
15389,40
15390,
15391,34
15392,36
15394,40
15395,
15396,32
15397,34
15398,38
15399,40
154,
15400,
15401,36
15403,38
15404,
15407,36
15408,38
15409,
15410,36
15412,38
1542,40
15625,
15839,
15840,
15843,
15844,
15845,
15849,
15880,
15882,
15883,
15884,
15885,
15886,
15888,
15891,
15894,
15899,
15964,
15966,
16342,
16529,
16530,
16531,
16532,
16533,
16534,
16535,
16536,
16537,
16538,
16539,
16540,
16541,
16542,
16543,
16544,
16545,
17022,
17023,
17024,
17025,
17026,
17027,
17028,
17029,
17030,
17031,
17032,
17033,
17034,
17046,
17047,
17048,
17049,
1705,
17051,
17053,
17054,
17055,
17056,
17057,
17058,
17059,
17060,
17061,
17062,
17063,
17064,
17065,
17066,
17067,
17300,
17301,
17303,
17304,
17305,
17306,
17307,
17308,
17309,
17310,
17311,
17312,
17313,
17314,
17753,
17757,
17759,
17763,
17767,
17769,
17771,
17772,
17777,
17780,
17782,
17783,
17785,
17788,
17790,
17791,
17793,
17798,
17799,
17800,
17918,
17919,
17920,
17921,
17968,
17974,
17975,
17978,
17983,
17984,
17985,
17988,
17990,
17992,
17993,
18000,
185,
18857,
18860,
18862,
19174,
19178,
19179,
19180,
19182,
19195,
19196,
19198,
19204,
19206,
19209,
19212,
19220,
19222,
19223,
19224,
19228,
19229,
19230,
19231,
19235,
19237,
19238,
19241,
19245,
19334,
19337,
19339,
19344,
19417,
19629,
19630,
19631,
19632,
19633,
19634,
19635,
19636,
19637,
19638,
19639,
19783,
19787,
19821,
20145,
20165,
20177,
212,
218,
225,
238,
249,
251,
256,32
259,34
263,36
2708,38
273,40
2843,42
2882,46
2906,
294,32
469,34
472,36
473,38
519,40
520,42
521,46
522,
528,32
537,34
563,36
58,38
5971,40
5973,42
5974,46
5976,
5977,32
6072,34
6077,36
6088,38
6089,40
6743,42
721,46
8022,
8030,32
8042,34
8059,36
8072,38
8753,40
8992,42
9015,46
9184,
9347,
9357,
9358,
9377,
941,38
9453,40
952,42
9851,38
9955,40
9978,42
,38
,40
,42
,
,38
,40
,42
,
,
,32
,34
,36
,38
,40
,42
,32
,34
,36
,38
,40
,42
,32
,34
,36
,38
,40
,42
,40
,
,32
,34
,36
,38
,40
,42
,40
,
,32
,34
,36
,38
,40
,42
,32
,34
,36
,38
,40
,42
,32
,34
,36
,38
,40
,42
,32
,34
,36
,38
,40
,42
,32
,34
,36
,38
,40
,42
,32
,34
,36
,38
,40
,42
,32
,34
,36
,38
,40
,42
,32
,34
,36
,38
,40
,42
,32
,34
,36
,38
,40
,42
,32
,34
,36
,38
,40
,42
,32
,34
,36
,38
,40
,42
,32
,34
,36
,38
,40
,42
,32
,34
,36
,38
,40
,42
,32
,34
,36
,38
,40
,42
,32
,34
,36
,38
,40
,42
,
,
,
,
,
,
,
,
,
,
,
,
,
,
,
,
,
,
,
,
,
,32
,34
,36
,38
,40
,42
,
,32
,34
,36
,38
,40
,42
,
,32
,34
,36
,38
,40
,42
,
,32
,34
,36
,38
,40
,42
,
,32
,34
,36
,38
,40
,42
,
,32
,34
,36
,38
,40
,42
,
,
,
,
,
,
,
,
,
,
,
,
,
,
,
,
,
,
,
,
,
,
,
,
,
,
,
,
,
,
,
,
,
,
,
,
,
,
,
,
,
,
,
,
,
,
,
,
,
,
,32
,34
,36
,40
,42
,46
,
,36
,38
,40
,42
,
,
,
,32
,
,
,
,
,
,
,
,
,
,
,
,
,
,
,
,
,
,
,
,
,
,
,
,
,
,
,
,
,
,
,
,
,
,
,
,
,
,
,34
,38
,
,34
,38
,
,34
,38
,
,34
,
,34
,38
,
,34
,38
,
,38
,
,
,34
,38
,
,34
,38
,
,34
,38
,
,
,34
,
,
,
,
,
,
,
,
,
,
,
,
,
,
,
,
,
,
,
,
,
,
,
,
,
,
,
,
,
,
,
,
,
,
,
,
,
,
,
,
,
,
,
,
,
,
,
,
,
,
,
,
,
,
,
,
,
,
,
,
,
,
,
,
,
,
,
,
,
,
,
,
,
,
,
,
,
,
,
,
,
,
,
,
,
,
,
,
,
,
,
,
,
,
,
,
,
,
,
,
,
,
,
,
,
,
,
,
,
,
,
,
,
,
,
,
,
,
,
,
,
,
,
,
,
,
,
,
,
,
,
,
,
,
,
,
,
,
,
,
,
,
,
,32
,34
,38
,40
,
,44
,
,
,
,
,
,
,
,
,
,
,
,
,
,
,
,
,34
,36
,38
,40
,42
,
,34
,36
,38
,40
,42
,
,34
,36
,38
,40
,42
,
,34
,36
,38
,40
,42
,
,34
,36
,38
,40
,42
,
,34
,36
,38
,40
,42
,
,34
,36
,38
,40
,42
,
,34
,36
,38
,40
,42
,
,34
,36
,38
,40
,42
,
,34
,36
,38
,40
,42
,
,34
,36
,38
,40
,42
,
,34
,36
,38
,40
,42
,
,
,
,
,
,
,
,
,
,
,
,
,
,
,
,
,
,
,
,
,
,
,
,
,
,
,
,
,
,
,
,
,
,
,
,
,
,
,
,
,
,
,
,
,
,
,
,
,
,
,
,
,32
,34
,36
,38
,40
,42
,
,32
,34
,38
,40
,44
,
,
,
,
,
,
,
,
,
,
,
,34
,36
,38
,40
,42
,34
,36
,38
,40
,42
,34
,36
,38
,40
,42
,34
,36
,38
,40
,42
,34
,36
,38
,40
,42
,34
,36
,38
,40
,42
,34
,36
,38
,40
,42
,34
,36
,38
,40
,42
,34
,36
,38
,40
,42
,34
,36
,38
,40
,42
,34
,36
,38
,40
,42
,34
,36
,38
,40
,42
,34
,36
,38
,40
,42
,34
,36
,38
,40
,42
,34
,36
,38
,40
,42
,34
,36
,38
,40
,42
,34
,36
,38
,40
,42
,34
,36
,38
,40
,42
,34
,36
,38
,40
,42
,34
,36
,38
,40
,42
,
,34
,36
,38
,40
,42
,34
,36
,38
,40
,42
,34
,36
,38
,40
,42
,34
,36
,38
,40
,42
,34
,36
,38
,40
,42
,34
,36
,38
,40
,42
,34
,36
,38
,40
,42
,34
,36
,38
,40
,42
,34
,36
,38
,40
,42
,34
,36
,38
,40
,42
,34
,36
,38
,40
,42
,34
,36
,38
,40
,42
,34
,36
,38
,40
,42
,34
,36
,38
,40
,42
,34
,36
,38
,40
,42
,
,
,
,
,
,
,
,
,
,
,
,
,
,
,
,
,
,
,
,
,34
,36
,38
,40
,42
,34
,36
,38
,40
,42
,34
,36
,38
,40
,42
,34
,36
,38
,40
,42
,34
,36
,38
,40
,42
,34
,36
,38
,40
,42
,34
,36
,38
,40
,42
,34
,36
,38
,40
,42
,34
,36
,38
,40
,42
,34
,36
,38
,40
,42
,
,34
,36
,38
,40
,42
,34
,36
,38
,40
,42
,34
,36
,38
,40
,42
,34
,36
,38
,40
,42
,34
,36
,38
,40
,42
,34
,36
,38
,40
,42
,34
,36
,38
,40
,42
,34
,36
,38
,40
,42
,34
,36
,38
,40
,42
,
,
,34
,36
,38
,40
,42
,46
,48
,
,34
,36
,38
,40
,42
,46
,48
,
,34
,36
,38
,40
,42
,46
,48
,
,34
,36
,38
,40
,42
,46
,48
,
,34
,36
,38
,40
,42
,46
,48
,
,34
,36
,38
,40
,42
,46
,48
,
,34
,36
,38
,40
,42
,46
,48
,
,34
,36
,38
,40
,42
,46
,48
,
,34
,36
,38
,40
,42
,46
,48
,
,34
,36
,38
,40
,42
,46
,48
,
,34
,36
,38
,40
,42
,46
,48
,
,34
,36
,38
,40
,42
,46
,48
,
,34
,36
,38
,40
,42
,46
,48
,
,34
,36
,38
,40
,42
,46
,48
,
,34
,36
,38
,40
,42
,46
,48
,
,34
,36
,38
,40
,42
,46
,48
,
,
,38
,40
,42
,
,
,
,
,
,
,
,
,
,
,
,
,
,
,
,
,
,
,
,
,
,
,
,
,
,
,
,
,
,
,
,
,
,
,
,
,
,
,
,
,
,
,
,
,
,
,
,
,
,
,
,
,
,
,
,
,
,
,
,
,
,
,
,
,
,
,
,
,
,
,
,
,38
,40
,42
,36
,38
,40
,42
,40
,36
,38
,40
,38
,36
,38
,40
,42
,36
,38
,40
,
,36
,38
,40
,42
,36
,38
,40
,42
,36
,38
,36
,38
,40
,42
,36
,38
,40
,42
,36
,38
,40
,42
,36
,38
,40
,42
,38
,36
,38
,40
,42
,36
,38
,40
,42
,36
,38
,40
,42
,
,
,
,
,
,
,
,
,
,
,
,
,
,
,
,
,
,
,
,
,
,
,
,
,
,
,
,
,
,
,
,
,
,
,
,
,
,
,
,
,
,
,
,
,
,
,
,
,
,
,
,
,
,
,
,
,
,
,
,
,
,
,
,
,32
,34
,36
,38
,40
,42
,46
,48
,52
,54
,56
,
,36
,38
,40
,
,36
,38
,40
,
,36
,
,
,
,
,
,
,
,
,
,
,
,
,
,
,
,
,
,
,
,
,
,
,
,36
,38
,40
,42
,
,36
,36
,36
,36
,
,36
,38
,40
,42
,
,
,36
,
,40
,
,42
,34
,
,34
,
,
,
,
,
,38
,
,
,
,
,
,
,
,
,
,
,38
