product_id,MRP,Supplier Cost
7420,24,11.63636364
7421,24,11.63636364
7408,24,11.63636364
7407,24,11.63636364
7406,24,11.63636364
7405,24,11.63636364
7404,24,11.63636364
7403,24,11.63636364
7402,24,11.63636364
7401,24,11.63636364
7399,24,11.63636364
7400,24,11.63636364
7418,24,11.63636364
7419,24,11.63636364
7417,24,11.63636364
7416,24,11.63636364
7415,24,11.63636364
7414,24,11.63636364
7409,24,11.63636364
7410,24,11.63636364
7411,24,11.63636364
7412,24,11.63636364
7413,24,11.63636364
7422,24,11.63636364
