product_ids,attributes,quantity,supplier cost,MRP
18203,Size:28,5,4.545454545,0
18204,Size:28,5,4.545454545,0
18205,Size:28,5,4.545454545,0
18206,Size:28,5,4.545454545,0
18207,Size:28,5,4.545454545,0
18208,Size:28,5,4.545454545,0
18209,Size:28,5,4.545454545,0
18210,Size:28,5,4.545454545,0
18211,Size:28,5,4.545454545,0
18212,Size:28,5,4.545454545,0
18213,Size:28,5,4.545454545,0
18214,Size:28,5,4.545454545,0
18215,Size:28,5,4.545454545,0
18216,Size:28,5,4.545454545,0
18217,Size:28,5,4.545454545,0
18218,Size:28,5,4.545454545,0
18219,Size:28,5,4.545454545,0
18220,Size:28,5,4.545454545,0
18203,Size:30,5,4.545454545,0
18204,Size:30,5,4.545454545,0
18205,Size:30,5,4.545454545,0
18206,Size:30,5,4.545454545,0
18207,Size:30,5,4.545454545,0
18208,Size:30,5,4.545454545,0
18209,Size:30,5,4.545454545,0
18210,Size:30,5,4.545454545,0
18211,Size:30,5,4.545454545,0
18212,Size:30,5,4.545454545,0
18213,Size:30,5,4.545454545,0
18214,Size:30,5,4.545454545,0
18215,Size:30,5,4.545454545,0
18216,Size:30,5,4.545454545,0
18217,Size:30,5,4.545454545,0
18218,Size:30,5,4.545454545,0
18219,Size:30,5,4.545454545,0
18220,Size:30,5,4.545454545,0
