product_ids,attributes,quantity,supplier cost,MRP
18203,Size:32,5,4.545454545,0
18204,Size:32,5,4.545454545,0
18205,Size:32,5,4.545454545,0
18206,Size:32,5,4.545454545,0
18207,Size:32,5,4.545454545,0
18208,Size:32,5,4.545454545,0
18209,Size:32,5,4.545454545,0
18210,Size:32,5,4.545454545,0
18211,Size:32,5,4.545454545,0
18212,Size:32,5,4.545454545,0
18213,Size:32,5,4.545454545,0
18214,Size:32,5,4.545454545,0
18215,Size:32,5,4.545454545,0
18216,Size:32,5,4.545454545,0
18217,Size:32,5,4.545454545,0
18218,Size:32,5,4.545454545,0
18219,Size:32,5,4.545454545,0
18220,Size:32,5,4.545454545,0
18203,Size:34,5,4.545454545,0
18204,Size:34,5,4.545454545,0
18205,Size:34,5,4.545454545,0
18206,Size:34,5,4.545454545,0
18207,Size:34,5,4.545454545,0
18208,Size:34,5,4.545454545,0
18209,Size:34,5,4.545454545,0
18210,Size:34,5,4.545454545,0
18211,Size:34,5,4.545454545,0
18212,Size:34,5,4.545454545,0
18213,Size:34,5,4.545454545,0
18214,Size:34,5,4.545454545,0
18215,Size:34,5,4.545454545,0
18216,Size:34,5,4.545454545,0
18217,Size:34,5,4.545454545,0
18218,Size:34,5,4.545454545,0
18219,Size:34,5,4.545454545,0
18220,Size:34,5,4.545454545,0
18203,Size:36,5,4.545454545,0
18204,Size:36,5,4.545454545,0
18205,Size:36,5,4.545454545,0
18206,Size:36,5,4.545454545,0
18207,Size:36,5,4.545454545,0
18208,Size:36,5,4.545454545,0
18209,Size:36,5,4.545454545,0
18210,Size:36,5,4.545454545,0
18211,Size:36,5,4.545454545,0
18212,Size:36,5,4.545454545,0
18213,Size:36,5,4.545454545,0
18214,Size:36,5,4.545454545,0
18215,Size:36,5,4.545454545,0
18216,Size:36,5,4.545454545,0
18217,Size:36,5,4.545454545,0
18218,Size:36,5,4.545454545,0
18219,Size:36,5,4.545454545,0
18220,Size:36,5,4.545454545,0
18203,Size:38,5,5.454545455,2
18204,Size:38,5,5.454545455,2
18205,Size:38,5,5.454545455,2
18206,Size:38,5,5.454545455,2
18207,Size:38,5,5.454545455,2
18208,Size:38,5,5.454545455,2
18209,Size:38,5,5.454545455,2
18210,Size:38,5,5.454545455,2
18211,Size:38,5,5.454545455,2
18212,Size:38,5,5.454545455,2
18213,Size:38,5,5.454545455,2
18214,Size:38,5,5.454545455,2
18215,Size:38,5,5.454545455,2
18216,Size:38,5,5.454545455,2
18217,Size:38,5,5.454545455,2
18218,Size:38,5,5.454545455,2
18219,Size:38,5,5.454545455,2
18220,Size:38,5,5.454545455,2
18203,Size:40,5,5.454545455,2
18204,Size:40,5,5.454545455,2
18205,Size:40,5,5.454545455,2
18206,Size:40,5,5.454545455,2
18207,Size:40,5,5.454545455,2
18208,Size:40,5,5.454545455,2
18209,Size:40,5,5.454545455,2
18210,Size:40,5,5.454545455,2
18211,Size:40,5,5.454545455,2
18212,Size:40,5,5.454545455,2
18213,Size:40,5,5.454545455,2
18214,Size:40,5,5.454545455,2
18215,Size:40,5,5.454545455,2
18216,Size:40,5,5.454545455,2
18217,Size:40,5,5.454545455,2
18218,Size:40,5,5.454545455,2
18219,Size:40,5,5.454545455,2
18220,Size:40,5,5.454545455,2
18203,Size:42,5,5.454545455,2
18204,Size:42,5,5.454545455,2
18205,Size:42,5,5.454545455,2
18206,Size:42,5,5.454545455,2
18207,Size:42,5,5.454545455,2
18208,Size:42,5,5.454545455,2
18209,Size:42,5,5.454545455,2
18210,Size:42,5,5.454545455,2
18211,Size:42,5,5.454545455,2
18212,Size:42,5,5.454545455,2
18213,Size:42,5,5.454545455,2
18214,Size:42,5,5.454545455,2
18215,Size:42,5,5.454545455,2
18216,Size:42,5,5.454545455,2
18217,Size:42,5,5.454545455,2
18218,Size:42,5,5.454545455,2
18219,Size:42,5,5.454545455,2
18220,Size:42,5,5.454545455,2
18203,Size:44,5,5.454545455,2
18204,Size:44,5,5.454545455,2
18205,Size:44,5,5.454545455,2
18206,Size:44,5,5.454545455,2
18207,Size:44,5,5.454545455,2
18208,Size:44,5,5.454545455,2
18209,Size:44,5,5.454545455,2
18210,Size:44,5,5.454545455,2
18211,Size:44,5,5.454545455,2
18212,Size:44,5,5.454545455,2
18213,Size:44,5,5.454545455,2
18214,Size:44,5,5.454545455,2
18215,Size:44,5,5.454545455,2
18216,Size:44,5,5.454545455,2
18217,Size:44,5,5.454545455,2
18218,Size:44,5,5.454545455,2
18219,Size:44,5,5.454545455,2
18220,Size:44,5,5.454545455,2
