Product ID,Attribution,Quantity,Supplier Cost,MRP
22515,size:40,5,100,5
22516,size:40,5,100,5
22517,size:40,5,100,5
22518,size:40,5,100,5
22519,size:40,5,100,5
22520,size:40,5,100,5
22521,size:40,5,100,5
22522,size:40,5,100,5
22523,size:40,5,100,5
22524,size:40,5,100,5
22525,size:40,5,100,5
22526,size:40,5,100,5
22527,size:40,5,100,5
22515,size:42,5,100,5
22516,size:42,5,100,5
22517,size:42,5,100,5
22518,size:42,5,100,5
22519,size:42,5,100,5
22520,size:42,5,100,5
22521,size:42,5,100,5
22522,size:42,5,100,5
22523,size:42,5,100,5
22524,size:42,5,100,5
22525,size:42,5,100,5
22526,size:42,5,100,5
22527,size:42,5,100,5
22515,size:44,5,100,5
22516,size:44,5,100,5
22517,size:44,5,100,5
22518,size:44,5,100,5
22519,size:44,5,100,5
22520,size:44,5,100,5
22521,size:44,5,100,5
22522,size:44,5,100,5
22523,size:44,5,100,5
22524,size:44,5,100,5
22525,size:44,5,100,5
22526,size:44,5,100,5
22527,size:44,5,100,5
22515,size:46,5,100,5
22516,size:46,5,100,5
22517,size:46,5,100,5
22518,size:46,5,100,5
22519,size:46,5,100,5
22520,size:46,5,100,5
22521,size:46,5,100,5
22522,size:46,5,100,5
22523,size:46,5,100,5
22524,size:46,5,100,5
22525,size:46,5,100,5
22526,size:46,5,100,5
22527,size:46,5,100,5
22515,size:48,5,100,5
22516,size:48,5,100,5
22517,size:48,5,100,5
22518,size:48,5,100,5
22519,size:48,5,100,5
22520,size:48,5,100,5
22521,size:48,5,100,5
22522,size:48,5,100,5
22523,size:48,5,100,5
22524,size:48,5,100,5
22525,size:48,5,100,5
22526,size:48,5,100,5
22527,size:48,5,100,5
22515,size:50,5,100,5
22516,size:50,5,100,5
22517,size:50,5,100,5
22518,size:50,5,100,5
22519,size:50,5,100,5
22520,size:50,5,100,5
22521,size:50,5,100,5
22522,size:50,5,100,5
22523,size:50,5,100,5
22524,size:50,5,100,5
22525,size:50,5,100,5
22526,size:50,5,100,5
22527,size:50,5,100,5
