product_ids,attributes,quantity,supplier cost,MRP
15836,Size:34,5,6.363636364,25
15837,Size:34,5,6.363636364,25
15838,Size:34,5,6.363636364,25
15839,Size:34,5,6.363636364,25
15840,Size:34,5,6.363636364,25
15841,Size:34,5,6.363636364,25
15842,Size:34,5,6.363636364,25
15843,Size:34,5,6.363636364,25
15844,Size:34,5,6.363636364,25
15845,Size:34,5,6.363636364,25
15846,Size:34,5,6.363636364,25
15847,Size:34,5,6.363636364,25
15848,Size:34,5,6.363636364,25
15849,Size:34,5,6.363636364,25
15850,Size:34,5,6.363636364,25
15851,Size:34,5,6.363636364,25
15852,Size:34,5,6.363636364,25
15853,Size:34,5,6.363636364,25
15854,Size:34,5,6.363636364,25
15855,Size:34,5,6.363636364,25
15856,Size:34,5,6.363636364,25
15857,Size:34,5,6.363636364,25
15858,Size:34,5,6.363636364,25
15859,Size:34,5,6.363636364,25
15860,Size:34,5,6.363636364,25
15836,Size:36,5,6.363636364,25
15837,Size:36,5,6.363636364,25
15838,Size:36,5,6.363636364,25
15839,Size:36,5,6.363636364,25
15840,Size:36,5,6.363636364,25
15841,Size:36,5,6.363636364,25
15842,Size:36,5,6.363636364,25
15843,Size:36,5,6.363636364,25
15844,Size:36,5,6.363636364,25
15845,Size:36,5,6.363636364,25
15846,Size:36,5,6.363636364,25
15847,Size:36,5,6.363636364,25
15848,Size:36,5,6.363636364,25
15849,Size:36,5,6.363636364,25
15850,Size:36,5,6.363636364,25
15851,Size:36,5,6.363636364,25
15852,Size:36,5,6.363636364,25
15853,Size:36,5,6.363636364,25
15854,Size:36,5,6.363636364,25
15855,Size:36,5,6.363636364,25
15856,Size:36,5,6.363636364,25
15857,Size:36,5,6.363636364,25
15858,Size:36,5,6.363636364,25
15859,Size:36,5,6.363636364,25
15860,Size:36,5,6.363636364,25
15836,Size:38,5,6.363636364,25
15837,Size:38,5,6.363636364,25
15838,Size:38,5,6.363636364,25
15839,Size:38,5,6.363636364,25
15840,Size:38,5,6.363636364,25
15841,Size:38,5,6.363636364,25
15842,Size:38,5,6.363636364,25
15843,Size:38,5,6.363636364,25
15844,Size:38,5,6.363636364,25
15845,Size:38,5,6.363636364,25
15846,Size:38,5,6.363636364,25
15847,Size:38,5,6.363636364,25
15848,Size:38,5,6.363636364,25
15849,Size:38,5,6.363636364,25
15850,Size:38,5,6.363636364,25
15851,Size:38,5,6.363636364,25
15852,Size:38,5,6.363636364,25
15853,Size:38,5,6.363636364,25
15854,Size:38,5,6.363636364,25
15855,Size:38,5,6.363636364,25
15856,Size:38,5,6.363636364,25
15857,Size:38,5,6.363636364,25
15858,Size:38,5,6.363636364,25
15859,Size:38,5,6.363636364,25
15860,Size:38,5,6.363636364,25
15836,Size:40,5,6.363636364,25
15837,Size:40,5,6.363636364,25
15838,Size:40,5,6.363636364,25
15839,Size:40,5,6.363636364,25
15840,Size:40,5,6.363636364,25
15841,Size:40,5,6.363636364,25
15842,Size:40,5,6.363636364,25
15843,Size:40,5,6.363636364,25
15844,Size:40,5,6.363636364,25
15845,Size:40,5,6.363636364,25
15846,Size:40,5,6.363636364,25
15847,Size:40,5,6.363636364,25
15848,Size:40,5,6.363636364,25
15849,Size:40,5,6.363636364,25
15850,Size:40,5,6.363636364,25
15851,Size:40,5,6.363636364,25
15852,Size:40,5,6.363636364,25
15853,Size:40,5,6.363636364,25
15854,Size:40,5,6.363636364,25
15855,Size:40,5,6.363636364,25
15856,Size:40,5,6.363636364,25
15857,Size:40,5,6.363636364,25
15858,Size:40,5,6.363636364,25
15859,Size:40,5,6.363636364,25
15860,Size:40,5,6.363636364,25
15836,Size:42,5,7.272727273,27
15837,Size:42,5,7.272727273,27
15838,Size:42,5,7.272727273,27
15839,Size:42,5,7.272727273,27
15840,Size:42,5,7.272727273,27
15841,Size:42,5,7.272727273,27
15842,Size:42,5,7.272727273,27
15843,Size:42,5,7.272727273,27
15844,Size:42,5,7.272727273,27
15845,Size:42,5,7.272727273,27
15846,Size:42,5,7.272727273,27
15847,Size:42,5,7.272727273,27
15848,Size:42,5,7.272727273,27
15849,Size:42,5,7.272727273,27
15850,Size:42,5,7.272727273,27
15851,Size:42,5,7.272727273,27
15852,Size:42,5,7.272727273,27
15853,Size:42,5,7.272727273,27
15854,Size:42,5,7.272727273,27
15855,Size:42,5,7.272727273,27
15856,Size:42,5,7.272727273,27
15857,Size:42,5,7.272727273,27
15858,Size:42,5,7.272727273,27
15859,Size:42,5,7.272727273,27
15860,Size:42,5,7.272727273,27
15836,Size:44,5,7.272727273,27
15837,Size:44,5,7.272727273,27
15838,Size:44,5,7.272727273,27
15839,Size:44,5,7.272727273,27
15840,Size:44,5,7.272727273,27
15841,Size:44,5,7.272727273,27
15842,Size:44,5,7.272727273,27
15843,Size:44,5,7.272727273,27
15844,Size:44,5,7.272727273,27
15845,Size:44,5,7.272727273,27
15846,Size:44,5,7.272727273,27
15847,Size:44,5,7.272727273,27
15848,Size:44,5,7.272727273,27
15849,Size:44,5,7.272727273,27
15850,Size:44,5,7.272727273,27
15851,Size:44,5,7.272727273,27
15852,Size:44,5,7.272727273,27
15853,Size:44,5,7.272727273,27
15854,Size:44,5,7.272727273,27
15855,Size:44,5,7.272727273,27
15856,Size:44,5,7.272727273,27
15857,Size:44,5,7.272727273,27
15858,Size:44,5,7.272727273,27
15859,Size:44,5,7.272727273,27
15860,Size:44,5,7.272727273,27
15836,Size:46,5,7.272727273,27
15837,Size:46,5,7.272727273,27
15838,Size:46,5,7.272727273,27
15839,Size:46,5,7.272727273,27
15840,Size:46,5,7.272727273,27
15841,Size:46,5,7.272727273,27
15842,Size:46,5,7.272727273,27
15843,Size:46,5,7.272727273,27
15844,Size:46,5,7.272727273,27
15845,Size:46,5,7.272727273,27
15846,Size:46,5,7.272727273,27
15847,Size:46,5,7.272727273,27
15848,Size:46,5,7.272727273,27
15849,Size:46,5,7.272727273,27
15850,Size:46,5,7.272727273,27
15851,Size:46,5,7.272727273,27
15852,Size:46,5,7.272727273,27
15853,Size:46,5,7.272727273,27
15854,Size:46,5,7.272727273,27
15855,Size:46,5,7.272727273,27
15856,Size:46,5,7.272727273,27
15857,Size:46,5,7.272727273,27
15858,Size:46,5,7.272727273,27
15859,Size:46,5,7.272727273,27
15860,Size:46,5,7.272727273,27
15836,Size:48,5,7.272727273,27
15837,Size:48,5,7.272727273,27
15838,Size:48,5,7.272727273,27
15839,Size:48,5,7.272727273,27
15840,Size:48,5,7.272727273,27
15841,Size:48,5,7.272727273,27
15842,Size:48,5,7.272727273,27
15843,Size:48,5,7.272727273,27
15844,Size:48,5,7.272727273,27
15845,Size:48,5,7.272727273,27
15846,Size:48,5,7.272727273,27
15847,Size:48,5,7.272727273,27
15848,Size:48,5,7.272727273,27
15849,Size:48,5,7.272727273,27
15850,Size:48,5,7.272727273,27
15851,Size:48,5,7.272727273,27
15852,Size:48,5,7.272727273,27
15853,Size:48,5,7.272727273,27
15854,Size:48,5,7.272727273,27
15855,Size:48,5,7.272727273,27
15856,Size:48,5,7.272727273,27
15857,Size:48,5,7.272727273,27
15858,Size:48,5,7.272727273,27
15859,Size:48,5,7.272727273,27
15860,Size:48,5,7.272727273,27
15836,Size:50,5,7.272727273,27
15837,Size:50,5,7.272727273,27
15838,Size:50,5,7.272727273,27
15839,Size:50,5,7.272727273,27
15840,Size:50,5,7.272727273,27
15841,Size:50,5,7.272727273,27
15842,Size:50,5,7.272727273,27
15843,Size:50,5,7.272727273,27
15844,Size:50,5,7.272727273,27
15845,Size:50,5,7.272727273,27
15846,Size:50,5,7.272727273,27
15847,Size:50,5,7.272727273,27
15848,Size:50,5,7.272727273,27
15849,Size:50,5,7.272727273,27
15850,Size:50,5,7.272727273,27
15851,Size:50,5,7.272727273,27
15852,Size:50,5,7.272727273,27
15853,Size:50,5,7.272727273,27
15854,Size:50,5,7.272727273,27
15855,Size:50,5,7.272727273,27
15856,Size:50,5,7.272727273,27
15857,Size:50,5,7.272727273,27
15858,Size:50,5,7.272727273,27
15859,Size:50,5,7.272727273,27
15860,Size:50,5,7.272727273,27
