Product ID,Attribution,Quantity,Supplier Cost,MRP
67034,Size:46,5,163,6
67035,Size:46,5,424,15
67036,Size:46,5,360,13
67037,Size:46,5,440,16
67038,Size:46,5,416,15
67039,Size:46,5,225,8
67040,Size:46,5,368,14
67041,Size:46,5,245,8
67042,Size:46,5,245,8
67043,Size:46,5,400,14
67044,Size:46,5,289,10
67045,Size:46,5,200,7
67046,Size:46,5,240,8
67047,Size:46,5,425,15
67048,Size:46,5,200,7
67049,Size:46,5,208,8
67050,Size:46,5,208,8
67051,Size:46,5,155,5
67052,Size:46,5,147,5
67053,Size:46,5,147,5
67054,Size:46,5,147,5
67055,Size:46,5,147,5
67056,Size:46,5,147,5
67057,Size:46,5,147,5
67058,Size:46,5,160,5
67059,Size:46,5,249,9
67060,Size:46,5,368,14
67061,Size:46,5,432,15
67062,Size:46,5,184,7
67063,Size:46,5,220,8
67064,Size:46,5,440,16
67065,Size:46,5,408,15
67066,Size:46,5,184,7
67067,Size:46,5,225,8
67068,Size:46,5,289,10
67069,Size:46,5,289,10
67070,Size:46,5,123,5
67071,Size:46,5,315,11
67072,Size:46,5,249,9
67073,Size:46,5,123,5
67074,Size:46,5,123,5
67075,Size:46,5,230,8
67076,Size:46,5,210,7
67077,Size:46,5,210,7
67078,Size:46,5,100,3
67079,Size:46,5,100,3
67080,Size:46,5,100,3
67081,Size:46,5,100,3
67082,Size:46,5,90,3
67083,Size:46,5,90,3
67084,Size:46,5,90,3
67085,Size:46,5,90,3
67086,Size:46,5,90,3
67087,Size:46,5,90,3
67088,Size:46,5,80,2
67089,Size:46,5,80,2
67090,Size:46,5,80,2
67091,Size:46,5,80,2
67092,Size:46,5,80,2
67093,Size:46,5,80,2
67094,Size:46,5,80,2
67095,Size:46,5,80,2
67096,Size:46,5,160,5
67097,Size:46,5,160,5
67098,Size:46,5,160,5
67099,Size:46,5,200,7
67100,Size:46,5,160,5
67101,Size:46,5,160,5
67102,Size:46,5,245,8
67034,Size:48,5,325,11
67035,Size:48,5,848,31
67036,Size:48,5,720,27
67037,Size:48,5,880,32
67038,Size:48,5,832,30
67039,Size:48,5,450,17
67040,Size:48,5,736,27
67041,Size:48,5,490,17
67042,Size:48,5,490,17
67043,Size:48,5,800,29
67044,Size:48,5,578,21
67045,Size:48,5,400,15
67046,Size:48,5,480,17
67047,Size:48,5,850,31
67048,Size:48,5,400,15
67049,Size:48,5,416,15
67050,Size:48,5,416,15
67051,Size:48,5,309,11
67052,Size:48,5,293,10
67053,Size:48,5,293,10
67054,Size:48,5,293,10
67055,Size:48,5,293,10
67056,Size:48,5,293,10
67057,Size:48,5,293,10
67058,Size:48,5,320,11
67059,Size:48,5,498,18
67060,Size:48,5,736,27
67061,Size:48,5,864,31
67062,Size:48,5,368,14
67063,Size:48,5,440,16
67064,Size:48,5,880,32
67065,Size:48,5,816,30
67066,Size:48,5,368,14
67067,Size:48,5,450,17
67068,Size:48,5,578,21
67069,Size:48,5,578,21
67070,Size:48,5,245,9
67071,Size:48,5,630,23
67072,Size:48,5,498,18
67073,Size:48,5,245,9
67074,Size:48,5,245,9
67075,Size:48,5,459,17
67076,Size:48,5,420,15
67077,Size:48,5,420,15
67078,Size:48,5,200,7
67079,Size:48,5,200,7
67080,Size:48,5,200,7
67081,Size:48,5,200,7
67082,Size:48,5,180,7
67083,Size:48,5,180,7
67084,Size:48,5,180,7
67085,Size:48,5,180,7
67086,Size:48,5,180,7
67087,Size:48,5,180,7
67088,Size:48,5,160,5
67089,Size:48,5,160,5
67090,Size:48,5,160,5
67091,Size:48,5,160,5
67092,Size:48,5,160,5
67093,Size:48,5,160,5
67094,Size:48,5,160,5
67095,Size:48,5,160,5
67096,Size:48,5,320,11
67097,Size:48,5,320,11
67098,Size:48,5,320,11
67099,Size:48,5,400,15
67100,Size:48,5,320,11
67101,Size:48,5,320,11
67102,Size:48,5,490,17
67034,Size:50,5,488,17
67035,Size:50,5,1272,46
67036,Size:50,5,1080,40
67037,Size:50,5,1320,48
67038,Size:50,5,1248,45
67039,Size:50,5,675,25
67040,Size:50,5,1104,40
67041,Size:50,5,735,26
67042,Size:50,5,735,26
67043,Size:50,5,1200,44
67044,Size:50,5,867,31
67045,Size:50,5,600,22
67046,Size:50,5,720,26
67047,Size:50,5,1275,46
67048,Size:50,5,600,22
67049,Size:50,5,624,23
67050,Size:50,5,624,23
67051,Size:50,5,464,17
67052,Size:50,5,440,16
67053,Size:50,5,440,16
67054,Size:50,5,440,16
67055,Size:50,5,440,16
67056,Size:50,5,440,16
67057,Size:50,5,440,16
67058,Size:50,5,480,17
67059,Size:50,5,747,27
67060,Size:50,5,1104,40
67061,Size:50,5,1296,47
67062,Size:50,5,552,20
67063,Size:50,5,660,24
67064,Size:50,5,1320,48
67065,Size:50,5,1224,44
67066,Size:50,5,552,20
67067,Size:50,5,675,25
67068,Size:50,5,867,31
67069,Size:50,5,867,31
67070,Size:50,5,368,13
67071,Size:50,5,945,34
67072,Size:50,5,747,27
67073,Size:50,5,368,13
67074,Size:50,5,368,13
67075,Size:50,5,689,25
67076,Size:50,5,630,23
67077,Size:50,5,630,23
67078,Size:50,5,300,11
67079,Size:50,5,300,11
67080,Size:50,5,300,11
67081,Size:50,5,300,11
67082,Size:50,5,270,10
67083,Size:50,5,270,10
67084,Size:50,5,270,10
67085,Size:50,5,270,10
67086,Size:50,5,270,10
67087,Size:50,5,270,10
67088,Size:50,5,240,8
67089,Size:50,5,240,8
67090,Size:50,5,240,8
67091,Size:50,5,240,8
67092,Size:50,5,240,8
67093,Size:50,5,240,8
67094,Size:50,5,240,8
67095,Size:50,5,240,8
67096,Size:50,5,480,17
67097,Size:50,5,480,17
67098,Size:50,5,480,17
67099,Size:50,5,600,22
67100,Size:50,5,480,17
67101,Size:50,5,480,17
67102,Size:50,5,735,26
67034,Size:52,5,650,23
67035,Size:52,5,1696,61
67036,Size:52,5,1440,53
67037,Size:52,5,1760,64
67038,Size:52,5,1664,60
67039,Size:52,5,900,33
67040,Size:52,5,1472,54
67041,Size:52,5,980,35
67042,Size:52,5,980,35
67043,Size:52,5,1600,58
67044,Size:52,5,1156,42
67045,Size:52,5,800,29
67046,Size:52,5,960,35
67047,Size:52,5,1700,62
67048,Size:52,5,800,29
67049,Size:52,5,832,30
67050,Size:52,5,832,30
67051,Size:52,5,618,22
67052,Size:52,5,586,21
67053,Size:52,5,586,21
67054,Size:52,5,586,21
67055,Size:52,5,586,21
67056,Size:52,5,586,21
67057,Size:52,5,586,21
67058,Size:52,5,640,23
67059,Size:52,5,996,36
67060,Size:52,5,1472,54
67061,Size:52,5,1728,62
67062,Size:52,5,736,27
67063,Size:52,5,880,32
67064,Size:52,5,1760,64
67065,Size:52,5,1632,59
67066,Size:52,5,736,27
67067,Size:52,5,900,33
67068,Size:52,5,1156,42
67069,Size:52,5,1156,42
67070,Size:52,5,490,18
67071,Size:52,5,1260,46
67072,Size:52,5,996,36
67073,Size:52,5,490,18
67074,Size:52,5,490,18
67075,Size:52,5,918,33
67076,Size:52,5,840,30
67077,Size:52,5,840,30
67078,Size:52,5,400,14
67079,Size:52,5,400,14
67080,Size:52,5,400,14
67081,Size:52,5,400,14
67082,Size:52,5,360,13
67083,Size:52,5,360,13
67084,Size:52,5,360,13
67085,Size:52,5,360,13
67086,Size:52,5,360,13
67087,Size:52,5,360,13
67088,Size:52,5,320,11
67089,Size:52,5,320,11
67090,Size:52,5,320,11
67091,Size:52,5,320,11
67092,Size:52,5,320,11
67093,Size:52,5,320,11
67094,Size:52,5,320,11
67095,Size:52,5,320,11
67096,Size:52,5,640,23
67097,Size:52,5,640,23
67098,Size:52,5,640,23
67099,Size:52,5,800,29
67100,Size:52,5,640,23
67101,Size:52,5,640,23
67102,Size:52,5,980,35
