product_ids,attributes,quantity,Supplier Cost,MRP
15100,Size:38,5,107.1818182,215
15101,Size:38,5,107.1818182,215
15102,Size:38,5,163.6181818,328
15103,Size:38,5,163.6181818,328
15104,Size:38,5,218.1636364,437
15105,Size:38,5,198.1636364,397
15106,Size:38,5,198.1636364,397
15107,Size:38,5,106.3636364,213
15108,Size:38,5,161.8,324
15109,Size:38,5,168.1818182,337
15110,Size:38,5,161.8,324
15111,Size:38,5,177.7272727,356
15112,Size:38,5,136.3454545,273
15113,Size:38,5,145.4363636,291
15114,Size:38,5,90.89090909,182
15115,Size:38,5,172.7090909,346
15116,Size:38,5,143.6181818,288
15117,Size:38,5,90.89090909,182
15118,Size:38,5,161.8,324
15119,Size:38,5,99.98181818,200
15120,Size:38,5,99.98181818,200
15121,Size:38,5,118.1636364,237
15122,Size:38,5,99.98181818,200
15123,Size:38,5,163.6181818,328
15124,Size:38,5,163.6181818,328
15125,Size:38,5,108.1818182,217
15126,Size:38,5,125.2545455,251
15127,Size:38,5,134.6545455,270
15128,Size:38,5,125.2545455,251
15129,Size:38,5,121.8,244
15130,Size:38,5,121.8,244
15131,Size:38,5,109.0727273,219
15132,Size:38,5,109.0727273,219
15133,Size:38,5,121.8,244
15134,Size:38,5,121.8,244
15135,Size:38,5,145.4363636,291
15136,Size:38,5,168.1818182,337
15137,Size:38,5,99.98181818,200
15138,Size:38,5,99.98181818,200
15139,Size:38,5,99.98181818,200
15100,Size:40,5,107.1818182,215
15101,Size:40,5,107.1818182,215
15102,Size:40,5,163.6181818,328
15103,Size:40,5,163.6181818,328
15104,Size:40,5,218.1636364,437
15105,Size:40,5,198.1636364,397
15106,Size:40,5,198.1636364,397
15107,Size:40,5,106.3636364,213
15108,Size:40,5,161.8,324
15109,Size:40,5,168.1818182,337
15110,Size:40,5,161.8,324
15111,Size:40,5,177.7272727,356
15112,Size:40,5,136.3454545,273
15113,Size:40,5,145.4363636,291
15114,Size:40,5,90.89090909,182
15115,Size:40,5,172.7090909,346
15116,Size:40,5,143.6181818,288
15117,Size:40,5,90.89090909,182
15118,Size:40,5,161.8,324
15119,Size:40,5,99.98181818,200
15120,Size:40,5,99.98181818,200
15121,Size:40,5,118.1636364,237
15122,Size:40,5,99.98181818,200
15123,Size:40,5,163.6181818,328
15124,Size:40,5,163.6181818,328
15125,Size:40,5,108.1818182,217
15126,Size:40,5,125.2545455,251
15127,Size:40,5,134.6545455,270
15128,Size:40,5,125.2545455,251
15129,Size:40,5,121.8,244
15130,Size:40,5,121.8,244
15131,Size:40,5,109.0727273,219
15132,Size:40,5,109.0727273,219
15133,Size:40,5,121.8,244
15134,Size:40,5,121.8,244
15135,Size:40,5,145.4363636,291
15136,Size:40,5,168.1818182,337
15137,Size:40,5,99.98181818,200
15138,Size:40,5,99.98181818,200
15139,Size:40,5,99.98181818,200
15100,Size:42,5,107.1818182,215
15101,Size:42,5,107.1818182,215
15102,Size:42,5,163.6181818,328
15103,Size:42,5,163.6181818,328
15104,Size:42,5,218.1636364,437
15105,Size:42,5,198.1636364,397
15106,Size:42,5,198.1636364,397
15107,Size:42,5,106.3636364,213
15108,Size:42,5,161.8,324
15109,Size:42,5,168.1818182,337
15110,Size:42,5,161.8,324
15111,Size:42,5,177.7272727,356
15112,Size:42,5,136.3454545,273
15113,Size:42,5,145.4363636,291
15114,Size:42,5,90.89090909,182
15115,Size:42,5,172.7090909,346
15116,Size:42,5,143.6181818,288
15117,Size:42,5,90.89090909,182
15118,Size:42,5,161.8,324
15119,Size:42,5,99.98181818,200
15120,Size:42,5,99.98181818,200
15121,Size:42,5,118.1636364,237
15122,Size:42,5,99.98181818,200
15123,Size:42,5,163.6181818,328
15124,Size:42,5,163.6181818,328
15125,Size:42,5,108.1818182,217
15126,Size:42,5,125.2545455,251
15127,Size:42,5,134.6545455,270
15128,Size:42,5,125.2545455,251
15129,Size:42,5,121.8,244
15130,Size:42,5,121.8,244
15131,Size:42,5,109.0727273,219
15132,Size:42,5,109.0727273,219
15133,Size:42,5,121.8,244
15134,Size:42,5,121.8,244
15135,Size:42,5,145.4363636,291
15136,Size:42,5,168.1818182,337
15137,Size:42,5,99.98181818,200
15138,Size:42,5,99.98181818,200
15139,Size:42,5,99.98181818,200
15100,Size:44,5,107.1818182,215
15101,Size:44,5,107.1818182,215
15102,Size:44,5,163.6181818,328
15103,Size:44,5,163.6181818,328
15104,Size:44,5,218.1636364,437
15105,Size:44,5,198.1636364,397
15106,Size:44,5,198.1636364,397
15107,Size:44,5,106.3636364,213
15108,Size:44,5,161.8,324
15109,Size:44,5,168.1818182,337
15110,Size:44,5,161.8,324
15111,Size:44,5,177.7272727,356
15112,Size:44,5,136.3454545,273
15113,Size:44,5,145.4363636,291
15114,Size:44,5,90.89090909,182
15115,Size:44,5,172.7090909,346
15116,Size:44,5,143.6181818,288
15117,Size:44,5,90.89090909,182
15118,Size:44,5,161.8,324
15119,Size:44,5,99.98181818,200
15120,Size:44,5,99.98181818,200
15121,Size:44,5,118.1636364,237
15122,Size:44,5,99.98181818,200
15123,Size:44,5,163.6181818,328
15124,Size:44,5,163.6181818,328
15125,Size:44,5,108.1818182,217
15126,Size:44,5,125.2545455,251
15127,Size:44,5,134.6545455,270
15128,Size:44,5,125.2545455,251
15129,Size:44,5,121.8,244
15130,Size:44,5,121.8,244
15131,Size:44,5,109.0727273,219
15132,Size:44,5,109.0727273,219
15133,Size:44,5,121.8,244
15134,Size:44,5,121.8,244
15135,Size:44,5,145.4363636,291
15136,Size:44,5,168.1818182,337
15137,Size:44,5,99.98181818,200
15138,Size:44,5,99.98181818,200
15139,Size:44,5,99.98181818,200
15100,Size:46,5,117.9,236
15101,Size:46,5,117.9,236
15102,Size:46,5,179.98,360
15103,Size:46,5,179.98,360
15104,Size:46,5,239.98,480
15105,Size:46,5,217.98,436
15106,Size:46,5,217.98,436
15107,Size:46,5,117,235
15108,Size:46,5,177.98,356
15109,Size:46,5,185,371
15110,Size:46,5,177.98,356
15111,Size:46,5,195.5,391
15112,Size:46,5,149.98,300
15113,Size:46,5,159.98,320
15114,Size:46,5,99.98,200
15115,Size:46,5,189.98,380
15116,Size:46,5,157.98,316
15117,Size:46,5,99.98,200
15118,Size:46,5,177.98,356
15119,Size:46,5,109.98,220
15120,Size:46,5,109.98,220
15121,Size:46,5,129.98,260
15122,Size:46,5,109.98,220
15123,Size:46,5,179.98,360
15124,Size:46,5,179.98,360
15125,Size:46,5,119,239
15126,Size:46,5,137.7800001,276
15127,Size:46,5,148.1200001,297
15128,Size:46,5,137.7800001,276
15129,Size:46,5,133.98,268
15130,Size:46,5,133.98,268
15131,Size:46,5,119.98,240
15132,Size:46,5,119.98,240
15133,Size:46,5,133.98,268
15134,Size:46,5,133.98,268
15135,Size:46,5,159.98,320
15136,Size:46,5,185,371
15137,Size:46,5,109.98,220
15138,Size:46,5,109.98,220
15139,Size:46,5,109.98,220
15100,Size:48,5,128.6181818,258
15101,Size:48,5,128.6181818,258
15102,Size:48,5,196.3418182,393
15103,Size:48,5,196.3418182,393
15104,Size:48,5,261.7963637,524
15105,Size:48,5,237.7963637,476
15106,Size:48,5,237.7963637,476
15107,Size:48,5,127.6363637,256
15108,Size:48,5,194.16,389
15109,Size:48,5,201.8181818,404
15110,Size:48,5,194.16,389
15111,Size:48,5,213.2727272,427
15112,Size:48,5,163.6145454,328
15113,Size:48,5,174.5236363,350
15114,Size:48,5,109.0690909,219
15115,Size:48,5,207.2509091,415
15116,Size:48,5,172.3418182,345
15117,Size:48,5,109.0690909,219
15118,Size:48,5,194.16,389
15119,Size:48,5,119.9781818,240
15120,Size:48,5,119.9781818,240
15121,Size:48,5,141.7963637,284
15122,Size:48,5,119.9781818,240
15123,Size:48,5,196.3418182,393
15124,Size:48,5,196.3418182,393
15125,Size:48,5,129.8181818,260
15126,Size:48,5,150.3054546,301
15127,Size:48,5,161.5854546,324
15128,Size:48,5,150.3054546,301
15129,Size:48,5,146.16,293
15130,Size:48,5,146.16,293
15131,Size:48,5,130.8872728,262
15132,Size:48,5,130.8872728,262
15133,Size:48,5,146.16,293
15134,Size:48,5,146.16,293
15135,Size:48,5,174.5236363,350
15136,Size:48,5,201.8181818,404
15137,Size:48,5,119.9781818,240
15138,Size:48,5,119.9781818,240
15139,Size:48,5,119.9781818,240
15100,Size:50,5,139.3363637,279
15101,Size:50,5,139.3363637,279
15102,Size:50,5,212.7036363,426
15103,Size:50,5,212.7036363,426
15104,Size:50,5,283.6127273,568
15105,Size:50,5,257.6127273,516
15106,Size:50,5,257.6127273,516
15107,Size:50,5,138.2727273,277
15108,Size:50,5,210.34,421
15109,Size:50,5,218.6363637,438
15110,Size:50,5,210.34,421
15111,Size:50,5,231.0454545,463
15112,Size:50,5,177.2490909,355
15113,Size:50,5,189.0672727,379
15114,Size:50,5,118.1581818,237
15115,Size:50,5,224.5218182,450
15116,Size:50,5,186.7036363,374
15117,Size:50,5,118.1581818,237
15118,Size:50,5,210.34,421
15119,Size:50,5,129.9763636,260
15120,Size:50,5,129.9763636,260
15121,Size:50,5,153.6127273,308
15122,Size:50,5,129.9763636,260
15123,Size:50,5,212.7036363,426
15124,Size:50,5,212.7036363,426
15125,Size:50,5,140.6363637,282
15126,Size:50,5,162.8309092,326
15127,Size:50,5,175.0509092,351
15128,Size:50,5,162.8309092,326
15129,Size:50,5,158.34,317
15130,Size:50,5,158.34,317
15131,Size:50,5,141.7945455,284
15132,Size:50,5,141.7945455,284
15133,Size:50,5,158.34,317
15134,Size:50,5,158.34,317
15135,Size:50,5,189.0672727,379
15136,Size:50,5,218.6363637,438
15137,Size:50,5,129.9763636,260
15138,Size:50,5,129.9763636,260
15139,Size:50,5,129.9763636,260
15100,Size:52,5,150.0545455,301
15101,Size:52,5,150.0545455,301
15102,Size:52,5,229.0654545,459
15103,Size:52,5,229.0654545,459
15104,Size:52,5,305.429091,611
15105,Size:52,5,277.429091,555
15106,Size:52,5,277.429091,555
15107,Size:52,5,148.909091,298
15108,Size:52,5,226.52,454
15109,Size:52,5,235.4545455,471
15110,Size:52,5,226.52,454
15111,Size:52,5,248.8181818,498
15112,Size:52,5,190.8836363,382
15113,Size:52,5,203.610909,408
15114,Size:52,5,127.2472727,255
15115,Size:52,5,241.7927273,484
15116,Size:52,5,201.0654545,403
15117,Size:52,5,127.2472727,255
15118,Size:52,5,226.52,454
15119,Size:52,5,139.9745455,280
15120,Size:52,5,139.9745455,280
15121,Size:52,5,165.429091,331
15122,Size:52,5,139.9745455,280
15123,Size:52,5,229.0654545,459
15124,Size:52,5,229.0654545,459
15125,Size:52,5,151.4545455,303
15126,Size:52,5,175.3563637,351
15127,Size:52,5,188.5163637,378
15128,Size:52,5,175.3563637,351
15129,Size:52,5,170.52,342
15130,Size:52,5,170.52,342
15131,Size:52,5,152.7018182,306
15132,Size:52,5,152.7018182,306
15133,Size:52,5,170.52,342
15134,Size:52,5,170.52,342
15135,Size:52,5,203.610909,408
15136,Size:52,5,235.4545455,471
15137,Size:52,5,139.9745455,280
15138,Size:52,5,139.9745455,280
15139,Size:52,5,139.9745455,280
