Product ID,Attribution,Quantity,Supplier Cost,MRP
62756,Size:42,5,25,1.000000001
62756,Size:44,5,50,2
62756,Size:46,5,100,4
62756,Size:48,5,125,5.000000001
62756,Size:50,5,150,5.999999999
62756,Size:52,5,175,7
62756,Size:54,5,200,7.999999999
62756,Size:56,5,225,9
62756,Size:58,5,250,9.99999999
62756,Size:60,5,275,11
62758,Size:42,5,25,1.000000001
62758,Size:44,5,50,2
62758,Size:46,5,100,4
62758,Size:48,5,125,5.000000001
62758,Size:50,5,150,5.999999999
62758,Size:52,5,175,7
62758,Size:54,5,200,7.999999999
62758,Size:56,5,225,9
62758,Size:58,5,250,9.99999999
62758,Size:60,5,275,11
62759,Size:42,5,25,1.000000001
62759,Size:44,5,50,2
62759,Size:46,5,100,4
62759,Size:48,5,125,5.000000001
62759,Size:50,5,150,5.999999999
62759,Size:52,5,175,7
62759,Size:54,5,200,7.999999999
62759,Size:56,5,225,9
62759,Size:58,5,250,9.99999999
62759,Size:60,5,275,11
62760,Size:42,5,25,1.000000001
62760,Size:44,5,50,2
62760,Size:46,5,100,4
62760,Size:48,5,125,5.000000001
62760,Size:50,5,150,5.999999999
62760,Size:52,5,175,7
62760,Size:54,5,200,7.999999999
62760,Size:56,5,225,9
62760,Size:58,5,250,9.99999999
62760,Size:60,5,275,11
62761,Size:42,5,25,1.000000001
62761,Size:44,5,50,2
62761,Size:46,5,100,4
62761,Size:48,5,125,5.000000001
62761,Size:50,5,150,5.999999999
62761,Size:52,5,175,7
62761,Size:54,5,200,7.999999999
62761,Size:56,5,225,9
62761,Size:58,5,250,9.99999999
62761,Size:60,5,275,11
62762,Size:42,5,25,1.000000001
62762,Size:44,5,50,2
62762,Size:46,5,100,4
62762,Size:48,5,125,5.000000001
62762,Size:50,5,150,5.999999999
62762,Size:52,5,175,7
62762,Size:54,5,200,7.999999999
62762,Size:56,5,225,9
62762,Size:58,5,250,9.99999999
62762,Size:60,5,275,11
62757,Size:42,5,25,1.000000001
62757,Size:44,5,50,2
62757,Size:46,5,100,4
62757,Size:48,5,125,5.000000001
62757,Size:50,5,150,5.999999999
62757,Size:52,5,175,7
62757,Size:54,5,200,7.999999999
62757,Size:56,5,225,9
62757,Size:58,5,250,9.99999999
62757,Size:60,5,275,11
