Product ID,Attribution,Quantity,Supplier Cost,MRP
68763,Size:42,5,25,1
68763,Size:44,5,50,2
68763,Size:46,5,75,3
68763,Size:48,5,100,4
68763,Size:50,5,125,5
68763,Size:52,5,150,6
68763,Size:54,5,175,7
68763,Size:56,5,200,8
68763,Size:58,5,225,9
68763,Size:60,5,250,10
68764,Size:42,5,25,1
68764,Size:44,5,50,2
68764,Size:46,5,75,3
68764,Size:48,5,100,4
68764,Size:50,5,125,5
68764,Size:52,5,150,6
68764,Size:54,5,175,7
68764,Size:56,5,200,8
68764,Size:58,5,225,9
68764,Size:60,5,250,10
68765,Size:42,5,25,1
68765,Size:44,5,50,2
68765,Size:46,5,75,3
68765,Size:48,5,100,4
68765,Size:50,5,125,5
68765,Size:52,5,150,6
68765,Size:54,5,175,7
68765,Size:56,5,200,8
68765,Size:58,5,225,9
68765,Size:60,5,250,10
68766,Size:42,5,25,1
68766,Size:44,5,50,2
68766,Size:46,5,75,3
68766,Size:48,5,100,4
68766,Size:50,5,125,5
68766,Size:52,5,150,6
68766,Size:54,5,175,7
68766,Size:56,5,200,8
68766,Size:58,5,225,9
68766,Size:60,5,250,10
68767,Size:42,5,25,1
68767,Size:44,5,50,2
68767,Size:46,5,75,3
68767,Size:48,5,100,4
68767,Size:50,5,125,5
68767,Size:52,5,150,6
68767,Size:54,5,175,7
68767,Size:56,5,200,8
68767,Size:58,5,225,9
68767,Size:60,5,250,10
68768,Size:42,5,25,1
68768,Size:44,5,50,2
68768,Size:46,5,75,3
68768,Size:48,5,100,4
68768,Size:50,5,125,5
68768,Size:52,5,150,6
68768,Size:54,5,175,7
68768,Size:56,5,200,8
68768,Size:58,5,225,9
68768,Size:60,5,250,10
68769,Size:42,5,25,1
68769,Size:44,5,50,2
68769,Size:46,5,75,3
68769,Size:48,5,100,4
68769,Size:50,5,125,5
68769,Size:52,5,150,6
68769,Size:54,5,175,7
68769,Size:56,5,200,8
68769,Size:58,5,225,9
68769,Size:60,5,250,10
68770,Size:42,5,25,1
68770,Size:44,5,50,2
68770,Size:46,5,75,3
68770,Size:48,5,100,4
68770,Size:50,5,125,5
68770,Size:52,5,150,6
68770,Size:54,5,175,7
68770,Size:56,5,200,8
68770,Size:58,5,225,9
68770,Size:60,5,250,10
68771,Size:42,5,25,1
68771,Size:44,5,50,2
68771,Size:46,5,75,3
68771,Size:48,5,100,4
68771,Size:50,5,125,5
68771,Size:52,5,150,6
68771,Size:54,5,175,7
68771,Size:56,5,200,8
68771,Size:58,5,225,9
68771,Size:60,5,250,10
