Product ID,Attribution,Quantity,Supplier Cost,MRP
67200,Size:44,5,20,0
67201,Size:44,5,20,0
67202,Size:44,5,20,0
67203,Size:44,5,20,0
67204,Size:44,5,20,0
67205,Size:44,5,20,1
67206,Size:44,5,20,1
67207,Size:44,5,20,1
67208,Size:44,5,20,0
67209,Size:44,5,20,1
67210,Size:44,5,20,1
67211,Size:44,5,20,1
67212,Size:44,5,20,1
67213,Size:44,5,20,1
67214,Size:44,5,20,0
67215,Size:44,5,20,0
67216,Size:44,5,20,0
67217,Size:44,5,20,1
67218,Size:44,5,20,1
67219,Size:44,5,20,1
67220,Size:44,5,20,1
67221,Size:44,5,20,1
67222,Size:44,5,20,1
67223,Size:44,5,20,0
67224,Size:44,5,20,0
67225,Size:44,5,20,0
67226,Size:44,5,20,0
67227,Size:44,5,20,0
67228,Size:44,5,20,0
67229,Size:44,5,20,1
67230,Size:44,5,20,1
67231,Size:44,5,20,1
67232,Size:44,5,20,1
67233,Size:44,5,20,1
67234,Size:44,5,20,1
67235,Size:44,5,20,1
67236,Size:44,5,20,1
67237,Size:44,5,20,1
67238,Size:44,5,20,1
