product_ids,attributes,quantity,supplier_cost,MRP
17271,size:36,5,34.36363636,0
17271,size38,5,34.36363636,0
17271,size:40,5,34.36363636,0
17271,size:42,5,34.36363636,0
17271,size:44,5,34.36363636,0
17271,size:46,5,38,4
17271,size:48,5,38,4
17271,size:50,5,38,4
17271,size:52,5,38,4
17272,size:36,5,34.36363636,0
17272,size38,5,34.36363636,0
17272,size:40,5,34.36363636,0
17272,size:42,5,34.36363636,0
17272,size:44,5,34.36363636,0
17272,size:46,5,38,4
17272,size:48,5,38,4
17272,size:50,5,38,4
17272,size:52,5,38,4
17273,size:36,5,34.36363636,0
17273,size38,5,34.36363636,0
17273,size:40,5,34.36363636,0
17273,size:42,5,34.36363636,0
17273,size:44,5,34.36363636,0
17273,size:46,5,38,4
17273,size:48,5,38,4
17273,size:50,5,38,4
17273,size:52,5,38,4
17274,size:36,5,34.36363636,0
17274,size38,5,34.36363636,0
17274,size:40,5,34.36363636,0
17274,size:42,5,34.36363636,0
17274,size:44,5,34.36363636,0
17274,size:46,5,38,4
17274,size:48,5,38,4
17274,size:50,5,38,4
17274,size:52,5,38,4
17275,size:36,5,34.36363636,0
17275,size38,5,34.36363636,0
17275,size:40,5,34.36363636,0
17275,size:42,5,34.36363636,0
17275,size:44,5,34.36363636,0
17275,size:46,5,38,4
17275,size:48,5,38,4
17275,size:50,5,38,4
17275,size:52,5,38,4
17276,size:36,5,34.36363636,0
17276,size38,5,34.36363636,0
17276,size:40,5,34.36363636,0
17276,size:42,5,34.36363636,0
17276,size:44,5,34.36363636,0
17276,size:46,5,38,4
17276,size:48,5,38,4
17276,size:50,5,38,4
17276,size:52,5,38,4
17277,size:36,5,34.36363636,0
17277,size38,5,34.36363636,0
17277,size:40,5,34.36363636,0
17277,size:42,5,34.36363636,0
17277,size:44,5,34.36363636,0
17277,size:46,5,38,4
17277,size:48,5,38,4
17277,size:50,5,38,4
17277,size:52,5,38,4
17278,size:36,5,34.36363636,0
17278,size38,5,34.36363636,0
17278,size:40,5,34.36363636,0
17278,size:42,5,34.36363636,0
17278,size:44,5,34.36363636,0
17278,size:46,5,38,4
17278,size:48,5,38,4
17278,size:50,5,38,4
17278,size:52,5,38,4
17279,size:36,5,31.81818182,0
17279,size38,5,31.81818182,0
17279,size:40,5,31.81818182,0
17279,size:42,5,31.81818182,0
17279,size:44,5,31.81818182,0
17279,size:46,5,35.45454545,4
17279,size:48,5,35.45454545,4
17279,size:50,5,35.45454545,4
17279,size:52,5,35.45454545,4
17280,size:36,5,19.09090909,0
17280,size38,5,19.09090909,0
17280,size:40,5,19.09090909,0
17280,size:42,5,19.09090909,0
17280,size:44,5,19.09090909,0
17280,size:46,5,22.72727273,4
17280,size:48,5,22.72727273,4
17280,size:50,5,22.72727273,4
17280,size:52,5,22.72727273,4
17281,size:36,5,19.09090909,0
17281,size38,5,19.09090909,0
17281,size:40,5,19.09090909,0
17281,size:42,5,19.09090909,0
17281,size:44,5,19.09090909,0
17281,size:46,5,22.72727273,4
17281,size:48,5,22.72727273,4
17281,size:50,5,22.72727273,4
17281,size:52,5,22.72727273,4
17282,size:36,5,26.72727273,0
17282,size38,5,26.72727273,0
17282,size:40,5,26.72727273,0
17282,size:42,5,26.72727273,0
17282,size:44,5,26.72727273,0
17282,size:46,5,30.36363636,4
17282,size:48,5,30.36363636,4
17282,size:50,5,30.36363636,4
17282,size:52,5,30.36363636,4
17283,size:36,5,26.72727273,0
17283,size38,5,26.72727273,0
17283,size:40,5,26.72727273,0
17283,size:42,5,26.72727273,0
17283,size:44,5,26.72727273,0
17283,size:46,5,30.36363636,4
17283,size:48,5,30.36363636,4
17283,size:50,5,30.36363636,4
17283,size:52,5,30.36363636,4
17284,size:36,5,31.81818182,0
17284,size38,5,31.81818182,0
17284,size:40,5,31.81818182,0
17284,size:42,5,31.81818182,0
17284,size:44,5,31.81818182,0
17284,size:46,5,35.45454545,4
17284,size:48,5,35.45454545,4
17284,size:50,5,35.45454545,4
17284,size:52,5,35.45454545,4
17285,size:36,5,31.81818182,0
17285,size38,5,31.81818182,0
17285,size:40,5,31.81818182,0
17285,size:42,5,31.81818182,0
17285,size:44,5,31.81818182,0
17285,size:46,5,35.45454545,4
17285,size:48,5,35.45454545,4
17285,size:50,5,35.45454545,4
17285,size:52,5,35.45454545,4
