Product ID,Attribution,Quantity
23592,Size: 36,1
23593,Size: 36,1
23594,Size: 36,1
23595,Size: 36,1
23596,Size: 36,1
23597,Size: 36,1
23598,Size: 36,1
23599,Size: 36,1
23600,Size: 36,1
23601,Size: 36,1
23602,Size: 36,1
23603,Size: 36,1
23604,Size: 36,1
23605,Size: 36,1
23606,Size: 36,1
23607,Size: 36,1
23608,Size: 36,1
23609,Size: 36,1
23610,Size: 36,1
23611,Size: 36,1
23612,Size: 36,1
23613,Size: 36,1
23614,Size: 36,1
23615,Size: 36,1
23616,Size: 36,1
23617,Size: 36,1
23618,Size: 36,1
23619,Size: 36,1
23620,Size: 36,1
23621,Size: 36,1
23622,Size: 36,1
23592,Size: 38,1
23593,Size: 38,1
23594,Size: 38,1
23595,Size: 38,1
23596,Size: 38,1
23597,Size: 38,1
23598,Size: 38,1
23599,Size: 38,1
23600,Size: 38,1
23601,Size: 38,1
23602,Size: 38,1
23603,Size: 38,1
23604,Size: 38,1
23605,Size: 38,1
23606,Size: 38,1
23607,Size: 38,1
23608,Size: 38,1
23609,Size: 38,1
23610,Size: 38,1
23611,Size: 38,1
23612,Size: 38,1
23613,Size: 38,1
23614,Size: 38,1
23615,Size: 38,1
23616,Size: 38,1
23617,Size: 38,1
23618,Size: 38,1
23619,Size: 38,1
23620,Size: 38,1
23621,Size: 38,1
23622,Size: 38,1
23592,Size: 40,1
23593,Size: 40,1
23594,Size: 40,1
23595,Size: 40,1
23596,Size: 40,1
23597,Size: 40,1
23598,Size: 40,1
23599,Size: 40,1
23600,Size: 40,1
23601,Size: 40,1
23602,Size: 40,1
23603,Size: 40,1
23604,Size: 40,1
23605,Size: 40,1
23606,Size: 40,1
23607,Size: 40,1
23608,Size: 40,1
23609,Size: 40,1
23610,Size: 40,1
23611,Size: 40,1
23612,Size: 40,1
23613,Size: 40,1
23614,Size: 40,1
23615,Size: 40,1
23616,Size: 40,1
23617,Size: 40,1
23618,Size: 40,1
23619,Size: 40,1
23620,Size: 40,1
23621,Size: 40,1
23622,Size: 40,1
23592,Size: 42,1
23593,Size: 42,1
23594,Size: 42,1
23595,Size: 42,1
23596,Size: 42,1
23597,Size: 42,1
23598,Size: 42,1
23599,Size: 42,1
23600,Size: 42,1
23601,Size: 42,1
23602,Size: 42,1
23603,Size: 42,1
23604,Size: 42,1
23605,Size: 42,1
23606,Size: 42,1
23607,Size: 42,1
23608,Size: 42,1
23609,Size: 42,1
23610,Size: 42,1
23611,Size: 42,1
23612,Size: 42,1
23613,Size: 42,1
23614,Size: 42,1
23615,Size: 42,1
23616,Size: 42,1
23617,Size: 42,1
23618,Size: 42,1
23619,Size: 42,1
23620,Size: 42,1
23621,Size: 42,1
23622,Size: 42,1
23592,Size: 44,1
23593,Size: 44,1
23594,Size: 44,1
23595,Size: 44,1
23596,Size: 44,1
23597,Size: 44,1
23598,Size: 44,1
23599,Size: 44,1
23600,Size: 44,1
23601,Size: 44,1
23602,Size: 44,1
23603,Size: 44,1
23604,Size: 44,1
23605,Size: 44,1
23606,Size: 44,1
23607,Size: 44,1
23608,Size: 44,1
23609,Size: 44,1
23610,Size: 44,1
23611,Size: 44,1
23612,Size: 44,1
23613,Size: 44,1
23614,Size: 44,1
23615,Size: 44,1
23616,Size: 44,1
23617,Size: 44,1
23618,Size: 44,1
23619,Size: 44,1
23620,Size: 44,1
23621,Size: 44,1
23622,Size: 44,1
23592,Size: 46,1
23593,Size: 46,1
23594,Size: 46,1
23595,Size: 46,1
23596,Size: 46,1
23597,Size: 46,1
23598,Size: 46,1
23599,Size: 46,1
23600,Size: 46,1
23601,Size: 46,1
23602,Size: 46,1
23603,Size: 46,1
23604,Size: 46,1
23605,Size: 46,1
23606,Size: 46,1
23607,Size: 46,1
23608,Size: 46,1
23609,Size: 46,1
23610,Size: 46,1
23611,Size: 46,1
23612,Size: 46,1
23613,Size: 46,1
23614,Size: 46,1
23615,Size: 46,1
23616,Size: 46,1
23617,Size: 46,1
23618,Size: 46,1
23619,Size: 46,1
23620,Size: 46,1
23621,Size: 46,1
23622,Size: 46,1
