product_id,Attribution,Qty,Supplier Cost
8362,Age:0-1,5,3200
8362,Age:1-2,5,3300
8362,Age:2-3,5,3400
8362,Age:3-4,5,3500
8362,Age:4-5,5,3600
8362,Age:5-6,5,3700
8362,Age:6-7,5,3800
8362,Age:7-9,5,3900
8362,Age:10-11,5,4000
8362,Age:11-12,5,4100
8362,Age:12-13,5,4200
8363,Age:0-1,5,2400
8363,Age:1-2,5,2500
8363,Age:2-3,5,2600
8363,Age:3-4,5,2700
8363,Age:4-5,5,2800
8363,Age:5-6,5,2900
8363,Age:6-7,5,3000
8363,Age:7-9,5,3100
8363,Age:10-11,5,3200
8363,Age:11-12,5,3300
8363,Age:12-13,5,3400
8364,Age:0-1,5,3900
8364,Age:1-2,5,4000
8364,Age:2-3,5,4100
8364,Age:3-4,5,4200
8364,Age:4-5,5,4300
8364,Age:5-6,5,4400
8364,Age:6-7,5,4500
8364,Age:7-9,5,4600
8364,Age:10-11,5,4700
8364,Age:11-12,5,4800
8364,Age:12-13,5,4900
8365,Age:0-1,5,3300
8365,Age:1-2,5,3400
8365,Age:2-3,5,3500
8365,Age:3-4,5,3600
8365,Age:4-5,5,3700
8365,Age:5-6,5,3800
8365,Age:6-7,5,3900
8365,Age:7-9,5,4000
8365,Age:10-11,5,4100
8365,Age:11-12,5,4200
8365,Age:12-13,5,4300
8366,Age:0-1,5,1900
8366,Age:1-2,5,2000
8366,Age:2-3,5,2100
8366,Age:3-4,5,2200
8366,Age:4-5,5,2300
8366,Age:5-6,5,2400
8366,Age:6-7,5,2500
8366,Age:7-9,5,2600
8366,Age:10-11,5,2700
8366,Age:11-12,5,2800
8366,Age:12-13,5,2900
8367,Age:0-1,5,2000
8367,Age:1-2,5,2100
8367,Age:2-3,5,2200
8367,Age:3-4,5,2300
8367,Age:4-5,5,2400
8367,Age:5-6,5,2500
8367,Age:6-7,5,2600
8367,Age:7-9,5,2700
8367,Age:10-11,5,2800
8367,Age:11-12,5,2900
8367,Age:12-13,5,3000
8368,Age:0-1,5,2000
8368,Age:1-2,5,2100
8368,Age:2-3,5,2200
8368,Age:3-4,5,2300
8368,Age:4-5,5,2400
8368,Age:5-6,5,2500
8368,Age:6-7,5,2600
8368,Age:7-9,5,2700
8368,Age:10-11,5,2800
8368,Age:11-12,5,2900
8368,Age:12-13,5,3000
8369,Age:0-1,5,2100
8369,Age:1-2,5,2200
8369,Age:2-3,5,2300
8369,Age:3-4,5,2400
8369,Age:4-5,5,2500
8369,Age:5-6,5,2600
8369,Age:6-7,5,2700
8369,Age:7-9,5,2800
8369,Age:10-11,5,2900
8369,Age:11-12,5,3000
8369,Age:12-13,5,3100
8370,Age:0-1,5,2100
8370,Age:1-2,5,2200
8370,Age:2-3,5,2300
8370,Age:3-4,5,2400
8370,Age:4-5,5,2500
8370,Age:5-6,5,2600
8370,Age:6-7,5,2700
8370,Age:7-9,5,2800
8370,Age:10-11,5,2900
8370,Age:11-12,5,3000
8370,Age:12-13,5,3100
8371,Age:0-1,5,2000
8371,Age:1-2,5,2100
8371,Age:2-3,5,2200
8371,Age:3-4,5,2300
8371,Age:4-5,5,2400
8371,Age:5-6,5,2500
8371,Age:6-7,5,2600
8371,Age:7-9,5,2700
8371,Age:10-11,5,2800
8371,Age:11-12,5,2900
8371,Age:12-13,5,3000
8372,Age:0-1,5,2000
8372,Age:1-2,5,2100
8372,Age:2-3,5,2200
8372,Age:3-4,5,2300
8372,Age:4-5,5,2400
8372,Age:5-6,5,2500
8372,Age:6-7,5,2600
8372,Age:7-9,5,2700
8372,Age:10-11,5,2800
8372,Age:11-12,5,2900
8372,Age:12-13,5,3000
8373,Age:0-1,5,4600
8373,Age:1-2,5,4700
8373,Age:2-3,5,4800
8373,Age:3-4,5,4900
8373,Age:4-5,5,5000
8373,Age:5-6,5,5100
8373,Age:6-7,5,5200
8373,Age:7-9,5,5300
8373,Age:10-11,5,5400
8373,Age:11-12,5,5500
8373,Age:12-13,5,5600
8374,Age:0-1,5,4600
8374,Age:1-2,5,4700
8374,Age:2-3,5,4800
8374,Age:3-4,5,4900
8374,Age:4-5,5,5000
8374,Age:5-6,5,5100
8374,Age:6-7,5,5200
8374,Age:7-9,5,5300
8374,Age:10-11,5,5400
8374,Age:11-12,5,5500
8374,Age:12-13,5,5600
8375,Age:0-1,5,2000
8375,Age:1-2,5,2100
8375,Age:2-3,5,2200
8375,Age:3-4,5,2300
8375,Age:4-5,5,2400
8375,Age:5-6,5,2500
8375,Age:6-7,5,2600
8375,Age:7-9,5,2700
8375,Age:10-11,5,2800
8375,Age:11-12,5,2900
8375,Age:12-13,5,3000
8376,Age:0-1,5,2600
8376,Age:1-2,5,2700
8376,Age:2-3,5,2800
8376,Age:3-4,5,2900
8376,Age:4-5,5,3000
8376,Age:5-6,5,3100
8376,Age:6-7,5,3200
8376,Age:7-9,5,3300
8376,Age:10-11,5,3400
8376,Age:11-12,5,3500
8376,Age:12-13,5,3600
8377,Age:0-1,5,3700
8377,Age:1-2,5,3800
8377,Age:2-3,5,3900
8377,Age:3-4,5,4000
8377,Age:4-5,5,4100
8377,Age:5-6,5,4200
8377,Age:6-7,5,4300
8377,Age:7-9,5,4400
8377,Age:10-11,5,4500
8377,Age:11-12,5,4600
8377,Age:12-13,5,4700
8378,Age:0-1,5,2500
8378,Age:1-2,5,2600
8378,Age:2-3,5,2700
8378,Age:3-4,5,2800
8378,Age:4-5,5,2900
8378,Age:5-6,5,3000
8378,Age:6-7,5,3100
8378,Age:7-9,5,3200
8378,Age:10-11,5,3300
8378,Age:11-12,5,3400
8378,Age:12-13,5,3500
8379,Age:0-1,5,2500
8379,Age:1-2,5,2600
8379,Age:2-3,5,2700
8379,Age:3-4,5,2800
8379,Age:4-5,5,2900
8379,Age:5-6,5,3000
8379,Age:6-7,5,3100
8379,Age:7-9,5,3200
8379,Age:10-11,5,3300
8379,Age:11-12,5,3400
8379,Age:12-13,5,3500
8380,Age:0-1,5,3700
8380,Age:1-2,5,3800
8380,Age:2-3,5,3900
8380,Age:3-4,5,4000
8380,Age:4-5,5,4100
8380,Age:5-6,5,4200
8380,Age:6-7,5,4300
8380,Age:7-9,5,4400
8380,Age:10-11,5,4500
8380,Age:11-12,5,4600
8380,Age:12-13,5,4700
8381,Age:0-1,5,3400
8381,Age:1-2,5,3500
8381,Age:2-3,5,3600
8381,Age:3-4,5,3700
8381,Age:4-5,5,3800
8381,Age:5-6,5,3900
8381,Age:6-7,5,4000
8381,Age:7-9,5,4100
8381,Age:10-11,5,4200
8381,Age:11-12,5,4300
8381,Age:12-13,5,4400
8382,Age:0-1,5,3300
8382,Age:1-2,5,3400
8382,Age:2-3,5,3500
8382,Age:3-4,5,3600
8382,Age:4-5,5,3700
8382,Age:5-6,5,3800
8382,Age:6-7,5,3900
8382,Age:7-9,5,4000
8382,Age:10-11,5,4100
8382,Age:11-12,5,4200
8382,Age:12-13,5,4300
8383,Age:0-1,5,2700
8383,Age:1-2,5,2800
8383,Age:2-3,5,2900
8383,Age:3-4,5,3000
8383,Age:4-5,5,3100
8383,Age:5-6,5,3200
8383,Age:6-7,5,3300
8383,Age:7-9,5,3400
8383,Age:10-11,5,3500
8383,Age:11-12,5,3600
8383,Age:12-13,5,3700
