Product ID,Attribution,Quantity,Supplier Cost,MRP
63057,Size:42,2,100,4
63058,Size:42,2,100,3
63058,Size:46,2,300,11
63059,Size:42,2,100,4
63059,Size:46,2,300,12
63060,Size:42,2,100,3
63060,Size:46,2,300,11
63061,Size:42,2,100,3
63062,Size:42,2,100,4
63063,Size:42,2,100,4
63063,Size:46,2,300,11
63064,Size:42,2,100,4
63064,Size:46,2,300,12
63065,Size:42,2,100,4
63066,Size:42,2,100,4
63066,Size:46,2,300,12
63067,Size:42,2,100,3
63067,Size:46,2,300,11
63068,Size:42,2,100,4
63068,Size:46,2,300,12
63069,Size:42,2,100,4
63069,Size:46,2,300,12
63070,Size:42,2,100,4
63070,Size:46,2,300,12
63071,Size:42,2,100,4
63071,Size:46,2,300,12
63072,Size:42,2,100,4
63072,Size:46,2,300,14
63073,Size:42,2,100,4
63073,Size:46,2,300,11
63074,Size:42,2,100,4
63074,Size:46,2,300,11
