product_id,Attribution,Qty,Supplier Cost
15861,Age:0.5,5,400
15862,Age:0.5,5,400
15863,Age:0.5,5,400
15864,Age:0.5,5,400
15865,Age:0.5,5,400
15866,Age:0.5,5,400
15867,Age:0.5,5,400
15868,Age:0.5,5,400
15869,Age:0.5,5,400
15870,Age:0.5,5,400
15871,Age:0.5,5,400
15872,Age:0.5,5,400
15873,Age:0.5,5,400
15874,Age:0.5,5,400
15875,Age:0.5,5,400
15876,Age:0.5,5,400
15877,Age:0.5,5,400
15878,Age:0.5,5,400
15879,Age:0.5,5,400
15861,Age:1,5,400
15862,Age:1,5,400
15863,Age:1,5,400
15864,Age:1,5,400
15865,Age:1,5,400
15866,Age:1,5,400
15867,Age:1,5,400
15868,Age:1,5,400
15869,Age:1,5,400
15870,Age:1,5,400
15871,Age:1,5,400
15872,Age:1,5,400
15873,Age:1,5,400
15874,Age:1,5,400
15875,Age:1,5,400
15876,Age:1,5,400
15877,Age:1,5,400
15878,Age:1,5,400
15879,Age:1,5,400
15861,Age:1.5,5,500
15862,Age:1.5,5,500
15863,Age:1.5,5,500
15864,Age:1.5,5,500
15865,Age:1.5,5,500
15866,Age:1.5,5,500
15867,Age:1.5,5,500
15868,Age:1.5,5,500
15869,Age:1.5,5,500
15870,Age:1.5,5,500
15871,Age:1.5,5,500
15872,Age:1.5,5,500
15873,Age:1.5,5,500
15874,Age:1.5,5,500
15875,Age:1.5,5,500
15876,Age:1.5,5,500
15877,Age:1.5,5,500
15878,Age:1.5,5,500
15879,Age:1.5,5,500
15861,Age:2,5,500
15862,Age:2,5,500
15863,Age:2,5,500
15864,Age:2,5,500
15865,Age:2,5,500
15866,Age:2,5,500
15867,Age:2,5,500
15868,Age:2,5,500
15869,Age:2,5,500
15870,Age:2,5,500
15871,Age:2,5,500
15872,Age:2,5,500
15873,Age:2,5,500
15874,Age:2,5,500
15875,Age:2,5,500
15876,Age:2,5,500
15877,Age:2,5,500
15878,Age:2,5,500
15879,Age:2,5,500
15861,Age:3-4,5,550
15862,Age:3-4,5,550
15863,Age:3-4,5,550
15864,Age:3-4,5,550
15865,Age:3-4,5,550
15866,Age:3-4,5,550
15867,Age:3-4,5,550
15868,Age:3-4,5,550
15869,Age:3-4,5,550
15870,Age:3-4,5,550
15871,Age:3-4,5,550
15872,Age:3-4,5,550
15873,Age:3-4,5,550
15874,Age:3-4,5,550
15875,Age:3-4,5,550
15876,Age:3-4,5,550
15877,Age:3-4,5,550
15878,Age:3-4,5,550
15879,Age:3-4,5,550
15861,Age:4-5,5,600
15862,Age:4-5,5,600
15863,Age:4-5,5,600
15864,Age:4-5,5,600
15865,Age:4-5,5,600
15866,Age:4-5,5,600
15867,Age:4-5,5,600
15868,Age:4-5,5,600
15869,Age:4-5,5,600
15870,Age:4-5,5,600
15871,Age:4-5,5,600
15872,Age:4-5,5,600
15873,Age:4-5,5,600
15874,Age:4-5,5,600
15875,Age:4-5,5,600
15876,Age:4-5,5,600
15877,Age:4-5,5,600
15878,Age:4-5,5,600
15879,Age:4-5,5,600
15861,Age:6-7,5,650
15862,Age:6-7,5,650
15863,Age:6-7,5,650
15864,Age:6-7,5,650
15865,Age:6-7,5,650
15866,Age:6-7,5,650
15867,Age:6-7,5,650
15868,Age:6-7,5,650
15869,Age:6-7,5,650
15870,Age:6-7,5,650
15871,Age:6-7,5,650
15872,Age:6-7,5,650
15873,Age:6-7,5,650
15874,Age:6-7,5,650
15875,Age:6-7,5,650
15876,Age:6-7,5,650
15877,Age:6-7,5,650
15878,Age:6-7,5,650
15879,Age:6-7,5,650
15861,Age:7-8,5,700
15862,Age:7-8,5,700
15863,Age:7-8,5,700
15864,Age:7-8,5,700
15865,Age:7-8,5,700
15866,Age:7-8,5,700
15867,Age:7-8,5,700
15868,Age:7-8,5,700
15869,Age:7-8,5,700
15870,Age:7-8,5,700
15871,Age:7-8,5,700
15872,Age:7-8,5,700
15873,Age:7-8,5,700
15874,Age:7-8,5,700
15875,Age:7-8,5,700
15876,Age:7-8,5,700
15877,Age:7-8,5,700
15878,Age:7-8,5,700
15879,Age:7-8,5,700
15861,Age:9-10,5,750
15862,Age:9-10,5,750
15863,Age:9-10,5,750
15864,Age:9-10,5,750
15865,Age:9-10,5,750
15866,Age:9-10,5,750
15867,Age:9-10,5,750
15868,Age:9-10,5,750
15869,Age:9-10,5,750
15870,Age:9-10,5,750
15871,Age:9-10,5,750
15872,Age:9-10,5,750
15873,Age:9-10,5,750
15874,Age:9-10,5,750
15875,Age:9-10,5,750
15876,Age:9-10,5,750
15877,Age:9-10,5,750
15878,Age:9-10,5,750
15879,Age:9-10,5,750
15861,Age:10-11,5,800
15862,Age:10-11,5,800
15863,Age:10-11,5,800
15864,Age:10-11,5,800
15865,Age:10-11,5,800
15866,Age:10-11,5,800
15867,Age:10-11,5,800
15868,Age:10-11,5,800
15869,Age:10-11,5,800
15870,Age:10-11,5,800
15871,Age:10-11,5,800
15872,Age:10-11,5,800
15873,Age:10-11,5,800
15874,Age:10-11,5,800
15875,Age:10-11,5,800
15876,Age:10-11,5,800
15877,Age:10-11,5,800
15878,Age:10-11,5,800
15879,Age:10-11,5,800
15861,Age:12-13,5,850
15862,Age:12-13,5,850
15863,Age:12-13,5,850
15864,Age:12-13,5,850
15865,Age:12-13,5,850
15866,Age:12-13,5,850
15867,Age:12-13,5,850
15868,Age:12-13,5,850
15869,Age:12-13,5,850
15870,Age:12-13,5,850
15871,Age:12-13,5,850
15872,Age:12-13,5,850
15873,Age:12-13,5,850
15874,Age:12-13,5,850
15875,Age:12-13,5,850
15876,Age:12-13,5,850
15877,Age:12-13,5,850
15878,Age:12-13,5,850
15879,Age:12-13,5,850
15861,Age:13-14,5,900
15862,Age:13-14,5,900
15863,Age:13-14,5,900
15864,Age:13-14,5,900
15865,Age:13-14,5,900
15866,Age:13-14,5,900
15867,Age:13-14,5,900
15868,Age:13-14,5,900
15869,Age:13-14,5,900
15870,Age:13-14,5,900
15871,Age:13-14,5,900
15872,Age:13-14,5,900
15873,Age:13-14,5,900
15874,Age:13-14,5,900
15875,Age:13-14,5,900
15876,Age:13-14,5,900
15877,Age:13-14,5,900
15878,Age:13-14,5,900
15879,Age:13-14,5,900
15861,Age:14-15,5,950
15862,Age:14-15,5,950
15863,Age:14-15,5,950
15864,Age:14-15,5,950
15865,Age:14-15,5,950
15866,Age:14-15,5,950
15867,Age:14-15,5,950
15868,Age:14-15,5,950
15869,Age:14-15,5,950
15870,Age:14-15,5,950
15871,Age:14-15,5,950
15872,Age:14-15,5,950
15873,Age:14-15,5,950
15874,Age:14-15,5,950
15875,Age:14-15,5,950
15876,Age:14-15,5,950
15877,Age:14-15,5,950
15878,Age:14-15,5,950
15879,Age:14-15,5,950
15861,Age:15-16,5,1000
15862,Age:15-16,5,1000
15863,Age:15-16,5,1000
15864,Age:15-16,5,1000
15865,Age:15-16,5,1000
15866,Age:15-16,5,1000
15867,Age:15-16,5,1000
15868,Age:15-16,5,1000
15869,Age:15-16,5,1000
15870,Age:15-16,5,1000
15871,Age:15-16,5,1000
15872,Age:15-16,5,1000
15873,Age:15-16,5,1000
15874,Age:15-16,5,1000
15875,Age:15-16,5,1000
15876,Age:15-16,5,1000
15877,Age:15-16,5,1000
15878,Age:15-16,5,1000
15879,Age:15-16,5,1000
15861,Age:17-18,5,1100
15862,Age:17-18,5,1100
15863,Age:17-18,5,1100
15864,Age:17-18,5,1100
15865,Age:17-18,5,1100
15866,Age:17-18,5,1100
15867,Age:17-18,5,1100
15868,Age:17-18,5,1100
15869,Age:17-18,5,1100
15870,Age:17-18,5,1100
15871,Age:17-18,5,1100
15872,Age:17-18,5,1100
15873,Age:17-18,5,1100
15874,Age:17-18,5,1100
15875,Age:17-18,5,1100
15876,Age:17-18,5,1100
15877,Age:17-18,5,1100
15878,Age:17-18,5,1100
15879,Age:17-18,5,1100
