Product ID,Attribution,Quantity
60210,Size: 38,1
60211,Size: 38,1
60212,Size: 38,1
60213,Size: 38,1
60214,Size: 38,1
60215,Size: 38,1
60216,Size: 38,1
60217,Size: 38,1
60218,Size: 38,1
60219,Size: 38,1
60220,Size: 38,1
60221,Size: 38,1
60222,Size: 38,1
60223,Size: 38,1
60224,Size: 38,1
60225,Size: 38,1
60226,Size: 38,1
60227,Size: 38,1
60228,Size: 38,1
60229,Size: 38,1
60230,Size: 38,1
60231,Size: 38,1
60232,Size: 38,1
60233,Size: 38,1
60234,Size: 38,1
60235,Size: 38,1
60236,Size: 38,1
60237,Size: 38,1
60238,Size: 38,1
60239,Size: 38,1
60240,Size: 38,1
60241,Size: 38,1
60242,Size: 38,1
60243,Size: 38,1
60244,Size: 38,1
60245,Size: 38,1
60246,Size: 38,1
60247,Size: 38,1
60248,Size: 38,1
60249,Size: 38,1
60210,Size: 40,1
60211,Size: 40,1
60212,Size: 40,1
60213,Size: 40,1
60214,Size: 40,1
60215,Size: 40,1
60216,Size: 40,1
60217,Size: 40,1
60218,Size: 40,1
60219,Size: 40,1
60220,Size: 40,1
60221,Size: 40,1
60222,Size: 40,1
60223,Size: 40,1
60224,Size: 40,1
60225,Size: 40,1
60226,Size: 40,1
60227,Size: 40,1
60228,Size: 40,1
60229,Size: 40,1
60230,Size: 40,1
60231,Size: 40,1
60232,Size: 40,1
60233,Size: 40,1
60234,Size: 40,1
60235,Size: 40,1
60236,Size: 40,1
60237,Size: 40,1
60238,Size: 40,1
60239,Size: 40,1
60240,Size: 40,1
60241,Size: 40,1
60242,Size: 40,1
60243,Size: 40,1
60244,Size: 40,1
60245,Size: 40,1
60246,Size: 40,1
60247,Size: 40,1
60248,Size: 40,1
60249,Size: 40,1
60210,Size: 42,1
60211,Size: 42,1
60212,Size: 42,1
60213,Size: 42,1
60214,Size: 42,1
60215,Size: 42,1
60216,Size: 42,1
60217,Size: 42,1
60218,Size: 42,1
60219,Size: 42,1
60220,Size: 42,1
60221,Size: 42,1
60222,Size: 42,1
60223,Size: 42,1
60224,Size: 42,1
60225,Size: 42,1
60226,Size: 42,1
60227,Size: 42,1
60228,Size: 42,1
60229,Size: 42,1
60230,Size: 42,1
60231,Size: 42,1
60232,Size: 42,1
60233,Size: 42,1
60234,Size: 42,1
60235,Size: 42,1
60236,Size: 42,1
60237,Size: 42,1
60238,Size: 42,1
60239,Size: 42,1
60240,Size: 42,1
60241,Size: 42,1
60242,Size: 42,1
60243,Size: 42,1
60244,Size: 42,1
60245,Size: 42,1
60246,Size: 42,1
60247,Size: 42,1
60248,Size: 42,1
60249,Size: 42,1
