Product ID,Attribution,Quantity,Supplier Cost,MRP
20247,Size:40,10,1000,36
20247,Size:42,10,1000,36
20247,Size:44,10,1000,36
20247,Size:46,10,1000,36
20248,Size:40,10,1000,36
20248,Size:42,10,1000,36
20248,Size:44,10,1000,36
20248,Size:46,10,1000,36
20249,Size:40,10,1000,18
20249,Size:42,10,1000,18
20249,Size:44,10,1000,18
20249,Size:46,10,1000,18
20250,Size:40,10,1000,36
20250,Size:42,10,1000,36
20250,Size:44,10,1000,36
20250,Size:46,10,1000,36
20251,Size:40,10,1000,37
20251,Size:42,10,1000,37
20251,Size:44,10,1000,37
20251,Size:46,10,1000,37
20252,Size:40,10,1000,36
20252,Size:42,10,1000,36
20252,Size:44,10,1000,36
20252,Size:46,10,1000,36
20253,Size:40,10,1000,36
20253,Size:42,10,1000,36
20253,Size:44,10,1000,36
20253,Size:46,10,1000,36
20254,Size:40,10,1000,18
20254,Size:42,10,1000,18
20254,Size:44,10,1000,18
20254,Size:46,10,1000,18
20255,Size:40,10,1000,36
20255,Size:42,10,1000,36
20255,Size:44,10,1000,36
20255,Size:46,10,1000,36
20256,Size:40,10,1000,18
20256,Size:42,10,1000,18
20256,Size:44,10,1000,18
20256,Size:46,10,1000,18
