product_id,Attribution,Qty,Supplier Cost
8903,Age:0-1,10,790
8903,Age:1-2,10,790
8903,Age:2-3,10,790
8903,Age:3-4,10,875
8903,Age:4-5,10,875
8903,Age:5-6,10,875
8903,Age:6-7,10,975
8903,Age:8-9,10,975
8903,Age:10-11,10,975
8903,Age:12-13,10,975
8903,Age:14-15,10,975
8904,Age:0-1,10,790
8904,Age:1-2,10,790
8904,Age:2-3,10,790
8904,Age:3-4,10,875
8904,Age:4-5,10,875
8904,Age:5-6,10,875
8904,Age:6-7,10,975
8904,Age:8-9,10,975
8904,Age:10-11,10,975
8904,Age:12-13,10,975
8904,Age:14-15,10,975
8905,Age:0-1,10,705
8905,Age:1-2,10,705
8905,Age:2-3,10,705
8905,Age:3-4,10,780
8905,Age:4-5,10,780
8905,Age:5-6,10,780
8905,Age:6-7,10,870
8905,Age:8-9,10,870
8905,Age:10-11,10,870
8905,Age:12-13,10,870
8905,Age:14-15,10,870
8906,Age:0-1,10,840
8906,Age:1-2,10,840
8906,Age:2-3,10,840
8906,Age:3-4,10,935
8906,Age:4-5,10,935
8906,Age:5-6,10,935
8906,Age:6-7,10,1040
8906,Age:8-9,10,1040
8906,Age:10-11,10,1040
8906,Age:12-13,10,1040
8906,Age:14-15,10,1040
8907,Age:0-1,10,705
8907,Age:1-2,10,705
8907,Age:2-3,10,705
8907,Age:3-4,10,780
8907,Age:4-5,10,780
8907,Age:5-6,10,780
8907,Age:6-7,10,870
8907,Age:8-9,10,870
8907,Age:10-11,10,870
8907,Age:12-13,10,870
8907,Age:14-15,10,870
8908,Age:0-1,10,705
8908,Age:1-2,10,705
8908,Age:2-3,10,705
8908,Age:3-4,10,780
8908,Age:4-5,10,780
8908,Age:5-6,10,780
8908,Age:6-7,10,870
8908,Age:8-9,10,870
8908,Age:10-11,10,870
8908,Age:12-13,10,870
8908,Age:14-15,10,870
8909,Age:0-1,10,840
8909,Age:1-2,10,840
8909,Age:2-3,10,840
8909,Age:3-4,10,935
8909,Age:4-5,10,935
8909,Age:5-6,10,935
8909,Age:6-7,10,1040
8909,Age:8-9,10,1040
8909,Age:10-11,10,1040
8909,Age:12-13,10,1040
8909,Age:14-15,10,1040
8910,Age:0-1,10,1105
8910,Age:1-2,10,1105
8910,Age:2-3,10,1105
8910,Age:3-4,10,1230
8910,Age:4-5,10,1230
8910,Age:5-6,10,1230
8910,Age:6-7,10,1365
8910,Age:8-9,10,1365
8910,Age:10-11,10,1365
8910,Age:12-13,10,1365
8910,Age:14-15,10,1365
8911,Age:0-1,10,930
8911,Age:1-2,10,930
8911,Age:2-3,10,930
8911,Age:3-4,10,1030
8911,Age:4-5,10,1030
8911,Age:5-6,10,1030
8911,Age:6-7,10,1150
8911,Age:8-9,10,1150
8911,Age:10-11,10,1150
8911,Age:12-13,10,1150
8911,Age:14-15,10,1150
8912,Age:0-1,10,840
8912,Age:1-2,10,840
8912,Age:2-3,10,840
8912,Age:3-4,10,935
8912,Age:4-5,10,935
8912,Age:5-6,10,935
8912,Age:6-7,10,1040
8912,Age:8-9,10,1040
8912,Age:10-11,10,1040
8912,Age:12-13,10,1040
8912,Age:14-15,10,1040
8913,Age:0-1,10,930
8913,Age:1-2,10,930
8913,Age:2-3,10,930
8913,Age:3-4,10,1030
8913,Age:4-5,10,1030
8913,Age:5-6,10,1030
8913,Age:6-7,10,1150
8913,Age:8-9,10,1150
8913,Age:10-11,10,1150
8913,Age:12-13,10,1150
8913,Age:14-15,10,1150
8914,Age:0-1,10,1580
8914,Age:1-2,10,1580
8914,Age:2-3,10,1580
8914,Age:3-4,10,1760
8914,Age:4-5,10,1760
8914,Age:5-6,10,1760
8914,Age:6-7,10,1950
8914,Age:8-9,10,1950
8914,Age:10-11,10,1950
8914,Age:12-13,10,1950
8914,Age:14-15,10,1950
8915,Age:0-1,10,1105
8915,Age:1-2,10,1105
8915,Age:2-3,10,1105
8915,Age:3-4,10,1230
8915,Age:4-5,10,1230
8915,Age:5-6,10,1230
8915,Age:6-7,10,1365
8915,Age:8-9,10,1365
8915,Age:10-11,10,1365
8915,Age:12-13,10,1365
8915,Age:14-15,10,1365
8916,Age:0-1,10,1105
8916,Age:1-2,10,1105
8916,Age:2-3,10,1105
8916,Age:3-4,10,1230
8916,Age:4-5,10,1230
8916,Age:5-6,10,1230
8916,Age:6-7,10,1365
8916,Age:8-9,10,1365
8916,Age:10-11,10,1365
8916,Age:12-13,10,1365
8916,Age:14-15,10,1365
8917,Age:0-1,10,1425
8917,Age:1-2,10,1425
8917,Age:2-3,10,1425
8917,Age:3-4,10,1580
8917,Age:4-5,10,1580
8917,Age:5-6,10,1580
8917,Age:6-7,10,1760
8917,Age:8-9,10,1760
8917,Age:10-11,10,1760
8917,Age:12-13,10,1760
8917,Age:14-15,10,1760
8918,Age:0-1,10,1475
8918,Age:1-2,10,1475
8918,Age:2-3,10,1475
8918,Age:3-4,10,1640
8918,Age:4-5,10,1640
8918,Age:5-6,10,1640
8918,Age:6-7,10,1820
8918,Age:8-9,10,1820
8918,Age:10-11,10,1820
8918,Age:12-13,10,1820
8918,Age:14-15,10,1820
8919,Age:0-1,10,1035
8919,Age:1-2,10,1035
8919,Age:2-3,10,1035
8919,Age:3-4,10,1150
8919,Age:4-5,10,1150
8919,Age:5-6,10,1150
8919,Age:6-7,10,1275
8919,Age:8-9,10,1275
8919,Age:10-11,10,1275
8919,Age:12-13,10,1275
8919,Age:14-15,10,1275
8920,Age:0-1,10,920
8920,Age:1-2,10,920
8920,Age:2-3,10,920
8920,Age:3-4,10,1020
8920,Age:4-5,10,1020
8920,Age:5-6,10,1020
8920,Age:6-7,10,1130
8920,Age:8-9,10,1130
8920,Age:10-11,10,1130
8920,Age:12-13,10,1130
8920,Age:14-15,10,1130
8921,Age:0-1,10,770
8921,Age:1-2,10,770
8921,Age:2-3,10,770
8921,Age:3-4,10,850
8921,Age:4-5,10,850
8921,Age:5-6,10,850
8921,Age:6-7,10,945
8921,Age:8-9,10,945
8921,Age:10-11,10,945
8921,Age:12-13,10,945
8921,Age:14-15,10,945
8922,Age:0-1,10,985
8922,Age:1-2,10,985
8922,Age:2-3,10,985
8922,Age:3-4,10,995
8922,Age:4-5,10,995
8922,Age:5-6,10,995
8922,Age:6-7,10,1105
8922,Age:8-9,10,1105
8922,Age:10-11,10,1105
8922,Age:12-13,10,1105
8922,Age:14-15,10,1105
8923,Age:0-1,10,1265
8923,Age:1-2,10,1265
8923,Age:2-3,10,1265
8923,Age:3-4,10,1405
8923,Age:4-5,10,1405
8923,Age:5-6,10,1405
8923,Age:6-7,10,1565
8923,Age:8-9,10,1565
8923,Age:10-11,10,1565
8923,Age:12-13,10,1565
8923,Age:14-15,10,1565
8924,Age:0-1,10,1055
8924,Age:1-2,10,1055
8924,Age:2-3,10,1055
8924,Age:3-4,10,1170
8924,Age:4-5,10,1170
8924,Age:5-6,10,1170
8924,Age:6-7,10,1300
8924,Age:8-9,10,1300
8924,Age:10-11,10,1300
8924,Age:12-13,10,1300
8924,Age:14-15,10,1300
8925,Age:0-1,10,1265
8925,Age:1-2,10,1265
8925,Age:2-3,10,1265
8925,Age:3-4,10,1405
8925,Age:4-5,10,1405
8925,Age:5-6,10,1405
8925,Age:6-7,10,1565
8925,Age:8-9,10,1565
8925,Age:10-11,10,1565
8925,Age:12-13,10,1565
8925,Age:14-15,10,1565
8926,Age:0-1,10,1105
8926,Age:1-2,10,1105
8926,Age:2-3,10,1105
8926,Age:3-4,10,1230
8926,Age:4-5,10,1230
8926,Age:5-6,10,1230
8926,Age:6-7,10,1365
8926,Age:8-9,10,1365
8926,Age:10-11,10,1365
8926,Age:12-13,10,1365
8926,Age:14-15,10,1365
8927,Age:0-1,10,1050
8927,Age:1-2,10,1050
8927,Age:2-3,10,1050
8927,Age:3-4,10,1170
8927,Age:4-5,10,1170
8927,Age:5-6,10,1170
8927,Age:6-7,10,1300
8927,Age:8-9,10,1300
8927,Age:10-11,10,1300
8927,Age:12-13,10,1300
8927,Age:14-15,10,1300
8928,Age:0-1,10,1250
8928,Age:1-2,10,1250
8928,Age:2-3,10,1250
8928,Age:3-4,10,1380
8928,Age:4-5,10,1380
8928,Age:5-6,10,1380
8928,Age:6-7,10,1535
8928,Age:8-9,10,1535
8928,Age:10-11,10,1535
8928,Age:12-13,10,1535
8928,Age:14-15,10,1535
8929,Age:0-1,10,735
8929,Age:1-2,10,735
8929,Age:2-3,10,735
8929,Age:3-4,10,820
8929,Age:4-5,10,820
8929,Age:5-6,10,820
8929,Age:6-7,10,910
8929,Age:8-9,10,910
8929,Age:10-11,10,910
8929,Age:12-13,10,910
8929,Age:14-15,10,910
8930,Age:0-1,10,875
8930,Age:1-2,10,875
8930,Age:2-3,10,875
8930,Age:3-4,10,970
8930,Age:4-5,10,970
8930,Age:5-6,10,970
8930,Age:6-7,10,1075
8930,Age:8-9,10,1075
8930,Age:10-11,10,1075
8930,Age:12-13,10,1075
8930,Age:14-15,10,1075
8931,Age:0-1,10,930
8931,Age:1-2,10,930
8931,Age:2-3,10,930
8931,Age:3-4,10,1030
8931,Age:4-5,10,1030
8931,Age:5-6,10,1030
8931,Age:6-7,10,1145
8931,Age:8-9,10,1145
8931,Age:10-11,10,1145
8931,Age:12-13,10,1145
8931,Age:14-15,10,1145
8932,Age:0-1,10,920
8932,Age:1-2,10,920
8932,Age:2-3,10,920
8932,Age:3-4,10,1020
8932,Age:4-5,10,1020
8932,Age:5-6,10,1020
8932,Age:6-7,10,1130
8932,Age:8-9,10,1130
8932,Age:10-11,10,1130
8932,Age:12-13,10,1130
8932,Age:14-15,10,1130
8933,Age:0-1,10,1105
8933,Age:1-2,10,1105
8933,Age:2-3,10,1105
8933,Age:3-4,10,1230
8933,Age:4-5,10,1230
8933,Age:5-6,10,1230
8933,Age:6-7,10,1365
8933,Age:8-9,10,1365
8933,Age:10-11,10,1365
8933,Age:12-13,10,1365
8933,Age:14-15,10,1365
8934,Age:0-1,10,790
8934,Age:1-2,10,790
8934,Age:2-3,10,790
8934,Age:3-4,10,875
8934,Age:4-5,10,875
8934,Age:5-6,10,875
8934,Age:6-7,10,975
8934,Age:8-9,10,975
8934,Age:10-11,10,975
8934,Age:12-13,10,975
8934,Age:14-15,10,975
8935,Age:0-1,10,950
8935,Age:1-2,10,950
8935,Age:2-3,10,950
8935,Age:3-4,10,1055
8935,Age:4-5,10,1055
8935,Age:5-6,10,1055
8935,Age:6-7,10,1170
8935,Age:8-9,10,1170
8935,Age:10-11,10,1170
8935,Age:12-13,10,1170
8935,Age:14-15,10,1170
8936,Age:0-1,10,950
8936,Age:1-2,10,950
8936,Age:2-3,10,950
8936,Age:3-4,10,1055
8936,Age:4-5,10,1055
8936,Age:5-6,10,1055
8936,Age:6-7,10,1170
8936,Age:8-9,10,1170
8936,Age:10-11,10,1170
8936,Age:12-13,10,1170
8936,Age:14-15,10,1170
8937,Age:0-1,10,775
8937,Age:1-2,10,775
8937,Age:2-3,10,775
8937,Age:3-4,10,860
8937,Age:4-5,10,860
8937,Age:5-6,10,860
8937,Age:6-7,10,955
8937,Age:8-9,10,955
8937,Age:10-11,10,955
8937,Age:12-13,10,955
8937,Age:14-15,10,955
8938,Age:0-1,10,745
8938,Age:1-2,10,745
8938,Age:2-3,10,745
8938,Age:3-4,10,830
8938,Age:4-5,10,830
8938,Age:5-6,10,830
8938,Age:6-7,10,920
8938,Age:8-9,10,920
8938,Age:10-11,10,920
8938,Age:12-13,10,920
8938,Age:14-15,10,920
8939,Age:0-1,10,945
8939,Age:1-2,10,945
8939,Age:2-3,10,945
8939,Age:3-4,10,1050
8939,Age:4-5,10,1050
8939,Age:5-6,10,1050
8939,Age:6-7,10,1165
8939,Age:8-9,10,1165
8939,Age:10-11,10,1165
8939,Age:12-13,10,1165
8939,Age:14-15,10,1165
8940,Age:0-1,10,575
8940,Age:1-2,10,575
8940,Age:2-3,10,575
8940,Age:3-4,10,640
8940,Age:4-5,10,640
8940,Age:5-6,10,640
8940,Age:6-7,10,710
8940,Age:8-9,10,710
8940,Age:10-11,10,710
8940,Age:12-13,10,710
8940,Age:14-15,10,710
8941,Age:0-1,10,945
8941,Age:1-2,10,945
8941,Age:2-3,10,945
8941,Age:3-4,10,1050
8941,Age:4-5,10,1050
8941,Age:5-6,10,1050
8941,Age:6-7,10,1165
8941,Age:8-9,10,1165
8941,Age:10-11,10,1165
8941,Age:12-13,10,1165
8941,Age:14-15,10,1165
8942,Age:0-1,10,825
8942,Age:1-2,10,825
8942,Age:2-3,10,825
8942,Age:3-4,10,915
8942,Age:4-5,10,915
8942,Age:5-6,10,915
8942,Age:6-7,10,1015
8942,Age:8-9,10,1015
8942,Age:10-11,10,1015
8942,Age:12-13,10,1015
8942,Age:14-15,10,1015
8943,Age:0-1,10,695
8943,Age:1-2,10,695
8943,Age:2-3,10,695
8943,Age:3-4,10,770
8943,Age:4-5,10,770
8943,Age:5-6,10,770
8943,Age:6-7,10,855
8943,Age:8-9,10,855
8943,Age:10-11,10,855
8943,Age:12-13,10,855
8943,Age:14-15,10,855
8944,Age:0-1,10,845
8944,Age:1-2,10,845
8944,Age:2-3,10,845
8944,Age:3-4,10,940
8944,Age:4-5,10,940
8944,Age:5-6,10,940
8944,Age:6-7,10,1045
8944,Age:8-9,10,1045
8944,Age:10-11,10,1045
8944,Age:12-13,10,1045
8944,Age:14-15,10,1045
8945,Age:0-1,10,895
8945,Age:1-2,10,895
8945,Age:2-3,10,895
8945,Age:3-4,10,995
8945,Age:4-5,10,995
8945,Age:5-6,10,995
8945,Age:6-7,10,1105
8945,Age:8-9,10,1105
8945,Age:10-11,10,1105
8945,Age:12-13,10,1105
8945,Age:14-15,10,1105
8946,Age:0-1,10,575
8946,Age:1-2,10,575
8946,Age:2-3,10,575
8946,Age:3-4,10,640
8946,Age:4-5,10,640
8946,Age:5-6,10,640
8946,Age:6-7,10,710
8946,Age:8-9,10,710
8946,Age:10-11,10,710
8946,Age:12-13,10,710
8946,Age:14-15,10,710
8947,Age:0-1,10,775
8947,Age:1-2,10,775
8947,Age:2-3,10,775
8947,Age:3-4,10,860
8947,Age:4-5,10,860
8947,Age:5-6,10,860
8947,Age:6-7,10,955
8947,Age:8-9,10,955
8947,Age:10-11,10,955
8947,Age:12-13,10,955
8947,Age:14-15,10,955
8948,Age:0-1,10,845
8948,Age:1-2,10,845
8948,Age:2-3,10,845
8948,Age:3-4,10,940
8948,Age:4-5,10,940
8948,Age:5-6,10,940
8948,Age:6-7,10,1045
8948,Age:8-9,10,1045
8948,Age:10-11,10,1045
8948,Age:12-13,10,1045
8948,Age:14-15,10,1045
8949,Age:0-1,10,845
8949,Age:1-2,10,845
8949,Age:2-3,10,845
8949,Age:3-4,10,940
8949,Age:4-5,10,940
8949,Age:5-6,10,940
8949,Age:6-7,10,1045
8949,Age:8-9,10,1045
8949,Age:10-11,10,1045
8949,Age:12-13,10,1045
8949,Age:14-15,10,1045
8950,Age:0-1,10,945
8950,Age:1-2,10,945
8950,Age:2-3,10,945
8950,Age:3-4,10,1050
8950,Age:4-5,10,1050
8950,Age:5-6,10,1050
8950,Age:6-7,10,1165
8950,Age:8-9,10,1165
8950,Age:10-11,10,1165
8950,Age:12-13,10,1165
8950,Age:14-15,10,1165
8951,Age:0-1,10,645
8951,Age:1-2,10,645
8951,Age:2-3,10,645
8951,Age:3-4,10,715
8951,Age:4-5,10,715
8951,Age:5-6,10,715
8951,Age:6-7,10,795
8951,Age:8-9,10,795
8951,Age:10-11,10,795
8951,Age:12-13,10,795
8951,Age:14-15,10,795
8952,Age:0-1,10,775
8952,Age:1-2,10,775
8952,Age:2-3,10,775
8952,Age:3-4,10,860
8952,Age:4-5,10,860
8952,Age:5-6,10,860
8952,Age:6-7,10,955
8952,Age:8-9,10,955
8952,Age:10-11,10,955
8952,Age:12-13,10,955
8952,Age:14-15,10,955
8953,Age:0-1,10,775
8953,Age:1-2,10,775
8953,Age:2-3,10,775
8953,Age:3-4,10,860
8953,Age:4-5,10,860
8953,Age:5-6,10,860
8953,Age:6-7,10,955
8953,Age:8-9,10,955
8953,Age:10-11,10,955
8953,Age:12-13,10,955
8953,Age:14-15,10,955
8954,Age:0-1,10,775
8954,Age:1-2,10,775
8954,Age:2-3,10,775
8954,Age:3-4,10,860
8954,Age:4-5,10,860
8954,Age:5-6,10,860
8954,Age:6-7,10,955
8954,Age:8-9,10,955
8954,Age:10-11,10,955
8954,Age:12-13,10,955
8954,Age:14-15,10,955
8955,Age:0-1,10,845
8955,Age:1-2,10,845
8955,Age:2-3,10,845
8955,Age:3-4,10,940
8955,Age:4-5,10,940
8955,Age:5-6,10,940
8955,Age:6-7,10,1045
8955,Age:8-9,10,1045
8955,Age:10-11,10,1045
8955,Age:12-13,10,1045
8955,Age:14-15,10,1045
8956,Age:0-1,10,775
8956,Age:1-2,10,775
8956,Age:2-3,10,775
8956,Age:3-4,10,860
8956,Age:4-5,10,860
8956,Age:5-6,10,860
8956,Age:6-7,10,955
8956,Age:8-9,10,955
8956,Age:10-11,10,955
8956,Age:12-13,10,955
8956,Age:14-15,10,955
