Product ID,Attribution,Quantity
21222,Size: 36,1
21223,Size: 36,1
21224,Size: 36,1
21225,Size: 36,1
21226,Size: 36,1
21227,Size: 36,1
21228,Size: 36,1
21229,Size: 36,1
21230,Size: 36,1
21231,Size: 36,1
21232,Size: 36,1
21233,Size: 36,1
21234,Size: 36,1
21235,Size: 36,1
21236,Size: 36,1
21237,Size: 36,1
21238,Size: 36,1
21239,Size: 36,1
21240,Size: 36,1
21241,Size: 36,1
21242,Size: 36,1
21243,Size: 36,1
21244,Size: 36,1
21245,Size: 36,1
21246,Size: 36,1
21247,Size: 36,1
21248,Size: 36,1
21249,Size: 36,1
21250,Size: 36,1
21251,Size: 36,1
21252,Size: 36,1
21222,Size:38,1
21223,Size:38,1
21224,Size:38,1
21225,Size:38,1
21226,Size:38,1
21227,Size:38,1
21228,Size:38,1
21229,Size:38,1
21230,Size:38,1
21231,Size:38,1
21232,Size:38,1
21233,Size:38,1
21234,Size:38,1
21235,Size:38,1
21236,Size:38,1
21237,Size:38,1
21238,Size:38,1
21239,Size:38,1
21240,Size:38,1
21241,Size:38,1
21242,Size:38,1
21243,Size:38,1
21244,Size:38,1
21245,Size:38,1
21246,Size:38,1
21247,Size:38,1
21248,Size:38,1
21249,Size:38,1
21250,Size:38,1
21251,Size:38,1
21252,Size:38,1
21222,Size:40,1
21223,Size:40,1
21224,Size:40,1
21225,Size:40,1
21226,Size:40,1
21227,Size:40,1
21228,Size:40,1
21229,Size:40,1
21230,Size:40,1
21231,Size:40,1
21232,Size:40,1
21233,Size:40,1
21234,Size:40,1
21235,Size:40,1
21236,Size:40,1
21237,Size:40,1
21238,Size:40,1
21239,Size:40,1
21240,Size:40,1
21241,Size:40,1
21242,Size:40,1
21243,Size:40,1
21244,Size:40,1
21245,Size:40,1
21246,Size:40,1
21247,Size:40,1
21248,Size:40,1
21249,Size:40,1
21250,Size:40,1
21251,Size:40,1
21252,Size:40,1
21222,Size: 42,1
21223,Size: 42,1
21224,Size: 42,1
21225,Size: 42,1
21226,Size: 42,1
21227,Size: 42,1
21228,Size: 42,1
21229,Size: 42,1
21230,Size: 42,1
21231,Size: 42,1
21232,Size: 42,1
21233,Size: 42,1
21234,Size: 42,1
21235,Size: 42,1
21236,Size: 42,1
21237,Size: 42,1
21238,Size: 42,1
21239,Size: 42,1
21240,Size: 42,1
21241,Size: 42,1
21242,Size: 42,1
21243,Size: 42,1
21244,Size: 42,1
21245,Size: 42,1
21246,Size: 42,1
21247,Size: 42,1
21248,Size: 42,1
21249,Size: 42,1
21250,Size: 42,1
21251,Size: 42,1
21252,Size: 42,1
