Product ID,Attribution,Quantity
23684,Size: 36,1
23685,Size: 36,1
23686,Size: 36,1
23687,Size: 36,1
23688,Size: 36,1
23689,Size: 36,1
23690,Size: 36,1
23691,Size: 36,1
23692,Size: 36,1
23693,Size: 36,1
23694,Size: 36,1
23695,Size: 36,1
23696,Size: 36,1
23697,Size: 36,1
23698,Size: 36,1
23699,Size: 36,1
23700,Size: 36,1
23701,Size: 36,1
23702,Size: 36,1
23703,Size: 36,1
23704,Size: 36,1
23705,Size: 36,1
23706,Size: 36,1
23707,Size: 36,1
23708,Size: 36,1
23709,Size: 36,1
23684,Size: 38,1
23685,Size: 38,1
23686,Size: 38,1
23687,Size: 38,1
23688,Size: 38,1
23689,Size: 38,1
23690,Size: 38,1
23691,Size: 38,1
23692,Size: 38,1
23693,Size: 38,1
23694,Size: 38,1
23695,Size: 38,1
23696,Size: 38,1
23697,Size: 38,1
23698,Size: 38,1
23699,Size: 38,1
23700,Size: 38,1
23701,Size: 38,1
23702,Size: 38,1
23703,Size: 38,1
23704,Size: 38,1
23705,Size: 38,1
23706,Size: 38,1
23707,Size: 38,1
23708,Size: 38,1
23709,Size: 38,1
23684,Size: 40,1
23685,Size: 40,1
23686,Size: 40,1
23687,Size: 40,1
23688,Size: 40,1
23689,Size: 40,1
23690,Size: 40,1
23691,Size: 40,1
23692,Size: 40,1
23693,Size: 40,1
23694,Size: 40,1
23695,Size: 40,1
23696,Size: 40,1
23697,Size: 40,1
23698,Size: 40,1
23699,Size: 40,1
23700,Size: 40,1
23701,Size: 40,1
23702,Size: 40,1
23703,Size: 40,1
23704,Size: 40,1
23705,Size: 40,1
23706,Size: 40,1
23707,Size: 40,1
23708,Size: 40,1
23709,Size: 40,1
23684,Size: 42,1
23685,Size: 42,1
23686,Size: 42,1
23687,Size: 42,1
23688,Size: 42,1
23689,Size: 42,1
23690,Size: 42,1
23691,Size: 42,1
23692,Size: 42,1
23693,Size: 42,1
23694,Size: 42,1
23695,Size: 42,1
23696,Size: 42,1
23697,Size: 42,1
23698,Size: 42,1
23699,Size: 42,1
23700,Size: 42,1
23701,Size: 42,1
23702,Size: 42,1
23703,Size: 42,1
23704,Size: 42,1
23705,Size: 42,1
23706,Size: 42,1
23707,Size: 42,1
23708,Size: 42,1
23709,Size: 42,1
23684,Size: 44,1
23685,Size: 44,1
23686,Size: 44,1
23687,Size: 44,1
23688,Size: 44,1
23689,Size: 44,1
23690,Size: 44,1
23691,Size: 44,1
23692,Size: 44,1
23693,Size: 44,1
23694,Size: 44,1
23695,Size: 44,1
23696,Size: 44,1
23697,Size: 44,1
23698,Size: 44,1
23699,Size: 44,1
23700,Size: 44,1
23701,Size: 44,1
23702,Size: 44,1
23703,Size: 44,1
23704,Size: 44,1
23705,Size: 44,1
23706,Size: 44,1
23707,Size: 44,1
23708,Size: 44,1
23709,Size: 44,1
23684,Size: 46,1
23685,Size: 46,1
23686,Size: 46,1
23687,Size: 46,1
23688,Size: 46,1
23689,Size: 46,1
23690,Size: 46,1
23691,Size: 46,1
23692,Size: 46,1
23693,Size: 46,1
23694,Size: 46,1
23695,Size: 46,1
23696,Size: 46,1
23697,Size: 46,1
23698,Size: 46,1
23699,Size: 46,1
23700,Size: 46,1
23701,Size: 46,1
23702,Size: 46,1
23703,Size: 46,1
23704,Size: 46,1
23705,Size: 46,1
23706,Size: 46,1
23707,Size: 46,1
23708,Size: 46,1
23709,Size: 46,1
