product_ids,attributes,quantity,supplier_cost,MRP
18648,size:32,5,781.8181818,0
18648,size:34,5,781.8181818,0
18648,size:36,5,781.8181818,0
18648,size:38,5,899.0909091,118
18648,size:40,5,899.0909091,118
18648,size:42,5,899.0909091,118
18648,size:44,5,899.0909091,118
18654,size:32,5,1047.272727,0
18654,size:34,5,1047.272727,0
18654,size:36,5,1047.272727,0
18654,size:38,5,1204.363636,158
18654,size:40,5,1204.363636,158
18654,size:42,5,1204.363636,158
18654,size:44,5,1204.363636,158
