product_ids,attributes,quantity,supplier cost,MRP,
14378,size:36,5,130.5818182,267,
14379,size:36,5,148.8363636,303,
14380,size:36,5,83.90909091,173,
14381,size:36,5,83.90909091,173,
14382,size:36,5,83.90909091,173,
14383,size:36,5,83.90909091,173,
14384,size:36,5,83.90909091,173,
14385,size:36,5,83.90909091,173,
14386,size:36,5,83.90909091,173,
14387,size:36,5,83.90909091,173,
14388,size:36,5,83.90909091,173,
14389,size:36,5,167.8,341,
14390,size:36,5,77.27272727,160,
14391,size:36,5,55.27272727,116,
14392,size:36,5,84.54545455,175,
14393,size:36,5,55.27272727,116,
14394,size:36,5,77.27272727,160,
14395,size:36,5,55.27272727,116,
14396,size:36,5,55.27272727,116,
14397,size:36,5,70,145,
14398,size:36,5,70,145,
14399,size:36,5,70,145,
14400,size:36,5,70,145,
14401,size:36,5,70,145,
14402,size:36,5,50.81818182,107,
14378,size:38,5,130.5818182,267,
14379,size:38,5,148.8363636,303,
14380,size:38,5,83.90909091,173,
14381,size:38,5,83.90909091,173,
14382,size:38,5,83.90909091,173,
14383,size:38,5,83.90909091,173,
14384,size:38,5,83.90909091,173,
14385,size:38,5,83.90909091,173,
14386,size:38,5,83.90909091,173,
14387,size:38,5,83.90909091,173,
14388,size:38,5,83.90909091,173,
14389,size:38,5,167.8,341,
14390,size:38,5,77.27272727,160,
14391,size:38,5,55.27272727,116,
14392,size:38,5,84.54545455,175,
14393,size:38,5,55.27272727,116,
14394,size:38,5,77.27272727,160,
14395,size:38,5,55.27272727,116,
14396,size:38,5,55.27272727,116,
14397,size:38,5,70,145,
14398,size:38,5,70,145,
14399,size:38,5,70,145,
14400,size:38,5,70,145,
14401,size:38,5,70,145,
14402,size:38,5,50.81818182,107,
14378,size:40,5,130.5818182,267,
14379,size:40,5,148.8363636,303,
14380,size:40,5,83.90909091,173,
14381,size:40,5,83.90909091,173,
14382,size:40,5,83.90909091,173,
14383,size:40,5,83.90909091,173,
14384,size:40,5,83.90909091,173,
14385,size:40,5,83.90909091,173,
14386,size:40,5,83.90909091,173,
14387,size:40,5,83.90909091,173,
14388,size:40,5,83.90909091,173,
14389,size:40,5,167.8,341,
14390,size:40,5,77.27272727,160,
14391,size:40,5,55.27272727,116,
14392,size:40,5,84.54545455,175,
14393,size:40,5,55.27272727,116,
14394,size:40,5,77.27272727,160,
14395,size:40,5,55.27272727,116,
14396,size:40,5,55.27272727,116,
14397,size:40,5,70,145,
14398,size:40,5,70,145,
14399,size:40,5,70,145,
14400,size:40,5,70,145,
14401,size:40,5,70,145,
14402,size:40,5,50.81818182,107,
14378,size:42,5,130.5818182,267,
14379,size:42,5,148.8363636,303,
14380,size:42,5,83.90909091,173,
14381,size:42,5,83.90909091,173,
14382,size:42,5,83.90909091,173,
14383,size:42,5,83.90909091,173,
14384,size:42,5,83.90909091,173,
14385,size:42,5,83.90909091,173,
14386,size:42,5,83.90909091,173,
14387,size:42,5,83.90909091,173,
14388,size:42,5,83.90909091,173,
14389,size:42,5,167.8,341,
14390,size:42,5,77.27272727,160,
14391,size:42,5,55.27272727,116,
14392,size:42,5,84.54545455,175,
14393,size:42,5,55.27272727,116,
14394,size:42,5,77.27272727,160,
14395,size:42,5,55.27272727,116,
14396,size:42,5,55.27272727,116,
14397,size:42,5,70,145,
14398,size:42,5,70,145,
14399,size:42,5,70,145,
14400,size:42,5,70,145,
14401,size:42,5,70,145,
14402,size:42,5,50.81818182,107,
14378,size:44,5,130.5818182,267,
14379,size:44,5,148.8363636,303,
14380,size:44,5,83.90909091,173,
14381,size:44,5,83.90909091,173,
14382,size:44,5,83.90909091,173,
14383,size:44,5,83.90909091,173,
14384,size:44,5,83.90909091,173,
14385,size:44,5,83.90909091,173,
14386,size:44,5,83.90909091,173,
14387,size:44,5,83.90909091,173,
14388,size:44,5,83.90909091,173,
14389,size:44,5,167.8,341,
14390,size:44,5,77.27272727,160,
14391,size:44,5,55.27272727,116,
14392,size:44,5,84.54545455,175,
14393,size:44,5,55.27272727,116,
14394,size:44,5,77.27272727,160,
14395,size:44,5,55.27272727,116,
14396,size:44,5,55.27272727,116,
14397,size:44,5,70,145,
14398,size:44,5,70,145,
14399,size:44,5,70,145,
14400,size:44,5,70,145,
14401,size:44,5,70,145,
14402,size:44,5,50.81818182,107,
14378,size:46,5,130.5818182,144,
14379,size:46,5,148.8363636,164,
14380,size:46,5,83.90909091,93,
14381,size:46,5,83.90909091,93,
14382,size:46,5,83.90909091,93,
14383,size:46,5,83.90909091,93,
14384,size:46,5,83.90909091,93,
14385,size:46,5,83.90909091,93,
14386,size:46,5,83.90909091,93,
14387,size:46,5,83.90909091,93,
14388,size:46,5,83.90909091,93,
14389,size:46,5,167.8,185,
14390,size:46,5,77.27272727,85,
14391,size:46,5,55.27272727,61,
14392,size:46,5,84.54545455,94,
14393,size:46,5,55.27272727,61,
14394,size:46,5,77.27272727,85,
14395,size:46,5,55.27272727,61,
14396,size:46,5,55.27272727,61,
14397,size:46,5,70,77,
14398,size:46,5,70,77,
14399,size:46,5,70,77,
14400,size:46,5,70,77,
14401,size:46,5,70,77,
14402,size:46,5,50.81818182,56,
14378,size:48,5,130.5818182,157,
14379,size:48,5,148.8363636,179,
14380,size:48,5,83.90909091,101,
14381,size:48,5,83.90909091,101,
14382,size:48,5,83.90909091,101,
14383,size:48,5,83.90909091,101,
14384,size:48,5,83.90909091,101,
14385,size:48,5,83.90909091,101,
14386,size:48,5,83.90909091,101,
14387,size:48,5,83.90909091,101,
14388,size:48,5,83.90909091,101,
14389,size:48,5,167.8,202,
14390,size:48,5,77.27272727,93,
14391,size:48,5,55.27272727,67,
14392,size:48,5,84.54545455,102,
14393,size:48,5,55.27272727,67,
14394,size:48,5,77.27272727,93,
14395,size:48,5,55.27272727,67,
14396,size:48,5,55.27272727,67,
14397,size:48,5,70,84,
14398,size:48,5,70,84,
14399,size:48,5,70,84,
14400,size:48,5,70,84,
14401,size:48,5,70,84,
14402,size:48,5,50.81818182,61,
14378,size:50,5,130.5818182,170,
14379,size:50,5,148.8363636,194,
14380,size:50,5,83.90909091,110,
14381,size:50,5,83.90909091,110,
14382,size:50,5,83.90909091,110,
14383,size:50,5,83.90909091,110,
14384,size:50,5,83.90909091,110,
14385,size:50,5,83.90909091,110,
14386,size:50,5,83.90909091,110,
14387,size:50,5,83.90909091,110,
14388,size:50,5,83.90909091,110,
14389,size:50,5,167.8,219,
14390,size:50,5,77.27272727,101,
14391,size:50,5,55.27272727,72,
14392,size:50,5,84.54545455,110,
14393,size:50,5,55.27272727,72,
14394,size:50,5,77.27272727,101,
14395,size:50,5,55.27272727,72,
14396,size:50,5,55.27272727,72,
14397,size:50,5,70,91,
14398,size:50,5,70,91,
14399,size:50,5,70,91,
14400,size:50,5,70,91,
14401,size:50,5,70,91,
14402,size:50,5,50.81818182,67,
14378,size:52,5,130.5818182,183,
14379,size:52,5,148.8363636,209,
14380,size:52,5,83.90909091,118,
14381,size:52,5,83.90909091,118,
14382,size:52,5,83.90909091,118,
14383,size:52,5,83.90909091,118,
14384,size:52,5,83.90909091,118,
14385,size:52,5,83.90909091,118,
14386,size:52,5,83.90909091,118,
14387,size:52,5,83.90909091,118,
14388,size:52,5,83.90909091,118,
14389,size:52,5,167.8,235,
14390,size:52,5,77.27272727,109,
14391,size:52,5,55.27272727,78,
14392,size:52,5,84.54545455,119,
14393,size:52,5,55.27272727,78,
14394,size:52,5,77.27272727,109,
14395,size:52,5,55.27272727,78,
14396,size:52,5,55.27272727,78,
14397,size:52,5,70,98,
14398,size:52,5,70,98,
14399,size:52,5,70,98,
14400,size:52,5,70,98,
14401,size:52,5,70,98,
14402,size:52,5,50.81818182,72,
