20114,MUM0210054,38,1
20120,MUM0210057,42,1
20126,MUM0210060,42,1
20132,MUM0210063,40,1
24559,MUM0210077,40,1
24559,MUM0210077,42,1
24560,MUM0210078,42,1
60342,MUM0210082,42,1
60344,MUM0210084,42,1
60345,MUM0210085,42,1
60350,MUM0210090,42,1
60354,MUM0210094,42,1
60361,MUM0210101,42,1
60367,MUM0210107,42,1
60368,MUM0210108,38,1
61713,MUM0210112,38,1
61713,MUM0210112,42,1
61714,MUM0210113,38,1
61717,MUM0210117,42,1
61718,MUM0210118,38,1
61719,MUM0210119,38,1
61719,MUM0210119,42,1
63111,MUM0210132,38,1
63112,MUM0210133,38,1
63113,MUM0210134,38,1
63114,MUM0210135,38,1
63115,MUM0210136,42,1
63116,MUM0210137,38,1
63117,MUM0210138,38,1
63120,MUM0210141,42,1
63121,MUM0210142,38,1
63122,MUM0210143,38,1
63122,MUM0210143,42,1
63123,MUM0210144,38,1
63124,MUM0210145,38,1
63127,MUM0210148,38,1
63128,MUM0210149,38,1
63129,MUM0210150,38,1
63129,MUM0210150,42,1
63130,MUM0210151,38,1
63130,MUM0210151,42,1
65966,MUM0210153,38,1
65966,MUM0210153,42,1
65967,MUM0210154,42,1
65968,MUM0210155,38,1
65968,MUM0210155,42,1
65969,MUM0210156,38,1
65969,MUM0210156,42,1
65975,MUM0210162,42,1
65976,MUM0210163,38,1
65978,MUM0210165,38,1
65979,MUM0210166,38,1
65979,MUM0210166,42,1
65980,MUM0210167,38,1
65981,MUM0210168,38,1
65986,MUM0210173,38,1
65987,MUM0210174,38,1
65987,MUM0210174,42,1
65988,MUM0210175,38,1
65988,MUM0210175,42,1
65989,MUM0210176,38,1
65989,MUM0210176,42,1
65990,MUM0210177,38,1
65990,MUM0210177,42,1
65991,MUM0210178,42,1
65992,MUM0210179,42,1
65993,MUM0210180,42,1
65994,MUM0210181,42,1
65995,MUM0210182,42,1
65996,MUM0210183,42,1
65997,MUM0210184,42,1
65998,MUM0210185,38,1
66002,MUM0210189,42,1
66003,MUM0210190,42,1
66004,MUM0210191,42,1
66005,MUM0210192,42,1
66005,MUM0210192,46,1
66006,MUM0210193,46,1
66007,MUM0210194,42,1
66007,MUM0210194,46,1
66009,MUM0210196,46,1
66011,MUM0210198,42,1
66011,MUM0210198,46,1
66012,MUM0210199,46,1
20132,MUM0210063,38,2
20132,MUM0210063,46,2
24554,MUM0210072,38,2
24560,MUM0210078,38,2
60343,MUM0210083,38,2
60344,MUM0210084,38,2
60346,MUM0210086,38,2
60370,MUM0210110,38,2
61716,MUM0210115,38,2
61728,MUM0210128,38,2
65970,MUM0210157,46,2
65971,MUM0210158,46,2
65972,MUM0210159,42,2
65972,MUM0210159,46,2
65974,MUM0210161,38,2
65974,MUM0210161,42,2
65976,MUM0210163,42,2
65977,MUM0210164,38,2
65977,MUM0210164,42,2
65978,MUM0210165,42,2
65980,MUM0210167,42,2
65981,MUM0210168,42,2
65982,MUM0210169,38,2
65982,MUM0210169,42,2
65983,MUM0210170,42,2
65984,MUM0210171,38,2
65984,MUM0210171,42,2
65985,MUM0210172,38,2
65985,MUM0210172,42,2
65991,MUM0210178,38,2
65992,MUM0210179,38,2
65993,MUM0210180,38,2
65994,MUM0210181,38,2
65998,MUM0210185,42,2
65999,MUM0210186,38,2
65999,MUM0210186,42,2
66000,MUM0210187,42,2
66003,MUM0210190,38,2
66009,MUM0210196,38,2
66010,MUM0210197,38,2
66010,MUM0210197,42,2
66010,MUM0210197,46,2
66012,MUM0210199,38,2
66013,MUM0210200,38,2
66013,MUM0210200,42,2
66014,MUM0210201,42,2
66015,MUM0210202,38,2
66015,MUM0210202,42,2
60348,MUM0210088,38,3
60348,MUM0210088,42,3
60349,MUM0210089,38,3
60353,MUM0210093,38,3
60360,MUM0210100,38,3
60360,MUM0210100,42,3
60364,MUM0210104,42,3
60366,MUM0210106,42,3
65995,MUM0210182,38,3
65996,MUM0210183,38,3
65997,MUM0210184,38,3
66002,MUM0210189,38,3
66004,MUM0210191,38,3
66009,MUM0210196,42,3
66012,MUM0210199,42,3
60350,MUM0210090,38,4
60365,MUM0210105,38,4
65970,MUM0210157,38,4
65970,MUM0210157,42,4
65971,MUM0210158,38,4
65971,MUM0210158,42,4
65972,MUM0210159,38,4
65973,MUM0210160,38,4
65973,MUM0210160,42,4
20120,MUM0210057,38,5
60366,MUM0210106,38,6
60364,MUM0210104,38,7
60356,MUM0210096,38,8
