Product ID,Attribution,Quantity
23468,Size: 30,1
23469,Size: 30,1
23470,Size: 30,1
23471,Size: 30,1
23472,Size: 30,1
23473,Size: 30,1
23474,Size: 30,1
23475,Size: 30,1
23476,Size: 30,1
23477,Size: 30,1
23478,Size: 30,1
23479,Size: 30,1
23480,Size: 30,1
23481,Size: 30,1
23468,Size: 32,1
23469,Size: 32,1
23470,Size: 32,1
23471,Size: 32,1
23472,Size: 32,1
23473,Size: 32,1
23474,Size: 32,1
23475,Size: 32,1
23476,Size: 32,1
23477,Size: 32,1
23478,Size: 32,1
23479,Size: 32,1
23480,Size: 32,1
23481,Size: 32,1
23468,Size: 34,1
23469,Size: 34,1
23470,Size: 34,1
23471,Size: 34,1
23472,Size: 34,1
23473,Size: 34,1
23474,Size: 34,1
23475,Size: 34,1
23476,Size: 34,1
23477,Size: 34,1
23478,Size: 34,1
23479,Size: 34,1
23480,Size: 34,1
23481,Size: 34,1
23468,Size: 36,1
23469,Size: 36,1
23470,Size: 36,1
23471,Size: 36,1
23472,Size: 36,1
23473,Size: 36,1
23474,Size: 36,1
23475,Size: 36,1
23476,Size: 36,1
23477,Size: 36,1
23478,Size: 36,1
23479,Size: 36,1
23480,Size: 36,1
23481,Size: 36,1
23468,Size: 38,1
23469,Size: 38,1
23470,Size: 38,1
23471,Size: 38,1
23472,Size: 38,1
23473,Size: 38,1
23474,Size: 38,1
23475,Size: 38,1
23476,Size: 38,1
23477,Size: 38,1
23478,Size: 38,1
23479,Size: 38,1
23480,Size: 38,1
23481,Size: 38,1
23468,Size: 40,1
23469,Size: 40,1
23470,Size: 40,1
23471,Size: 40,1
23472,Size: 40,1
23473,Size: 40,1
23474,Size: 40,1
23475,Size: 40,1
23476,Size: 40,1
23477,Size: 40,1
23478,Size: 40,1
23479,Size: 40,1
23480,Size: 40,1
23481,Size: 40,1
23468,Size: 42,1
23469,Size: 42,1
23470,Size: 42,1
23471,Size: 42,1
23472,Size: 42,1
23473,Size: 42,1
23474,Size: 42,1
23475,Size: 42,1
23476,Size: 42,1
23477,Size: 42,1
23478,Size: 42,1
23479,Size: 42,1
23480,Size: 42,1
23481,Size: 42,1
23468,Size: 44,1
23469,Size: 44,1
23470,Size: 44,1
23471,Size: 44,1
23472,Size: 44,1
23473,Size: 44,1
23474,Size: 44,1
23475,Size: 44,1
23476,Size: 44,1
23477,Size: 44,1
23478,Size: 44,1
23479,Size: 44,1
23480,Size: 44,1
23481,Size: 44,1
23468,Size: 46,1
23469,Size: 46,1
23470,Size: 46,1
23471,Size: 46,1
23472,Size: 46,1
23473,Size: 46,1
23474,Size: 46,1
23475,Size: 46,1
23476,Size: 46,1
23477,Size: 46,1
23478,Size: 46,1
23479,Size: 46,1
23480,Size: 46,1
23481,Size: 46,1
23468,Size: 48,1
23469,Size: 48,1
23470,Size: 48,1
23471,Size: 48,1
23472,Size: 48,1
23473,Size: 48,1
23474,Size: 48,1
23475,Size: 48,1
23476,Size: 48,1
23477,Size: 48,1
23478,Size: 48,1
23479,Size: 48,1
23480,Size: 48,1
23481,Size: 48,1
23468,Size: 50,1
23469,Size: 50,1
23470,Size: 50,1
23471,Size: 50,1
23472,Size: 50,1
23473,Size: 50,1
23474,Size: 50,1
23475,Size: 50,1
23476,Size: 50,1
23477,Size: 50,1
23478,Size: 50,1
23479,Size: 50,1
23480,Size: 50,1
23481,Size: 50,1
