ID
24173
24174
24175
24176
24177
24179
24181
24183
24184
24185
24187
24188
24189
24190
24191
24192
59684
59687
59689
23624
23627
23628
59460
22720
22723
22724
22725
22726
22728
22731
24689
24690
24691
24693
24694
24695
24696
24697
24698
24700
24701
24702
24704
24705
24706
24708
24709
24711
24712
24713
24714
24716
24717
24719
24720
24721
24722
24723
24724
24727
24728
24729
24730
24731
24732
24733
24734
5803
5806
5811
15500
15502
15503
15507
18013
18016
18017
18035
18037
21389
