Product ID,Attribution,Quantity
23825,Size: 34,1
23826,Size: 34,1
23827,Size: 34,1
23828,Size: 34,1
23829,Size: 34,1
23830,Size: 34,1
23831,Size: 34,1
23832,Size: 34,1
23833,Size: 34,1
23834,Size: 34,1
23835,Size: 34,1
23836,Size: 34,1
23837,Size: 34,1
23838,Size: 34,1
23839,Size: 34,1
23840,Size: 34,1
23841,Size: 34,1
23842,Size: 34,1
23843,Size: 34,1
23844,Size: 34,1
23825,Size: 36,1
23826,Size: 36,1
23827,Size: 36,1
23828,Size: 36,1
23829,Size: 36,1
23830,Size: 36,1
23831,Size: 36,1
23832,Size: 36,1
23833,Size: 36,1
23834,Size: 36,1
23835,Size: 36,1
23836,Size: 36,1
23837,Size: 36,1
23838,Size: 36,1
23839,Size: 36,1
23840,Size: 36,1
23841,Size: 36,1
23842,Size: 36,1
23843,Size: 36,1
23844,Size: 36,1
23825,Size: 38,1
23826,Size: 38,1
23827,Size: 38,1
23828,Size: 38,1
23829,Size: 38,1
23830,Size: 38,1
23831,Size: 38,1
23832,Size: 38,1
23833,Size: 38,1
23834,Size: 38,1
23835,Size: 38,1
23836,Size: 38,1
23837,Size: 38,1
23838,Size: 38,1
23839,Size: 38,1
23840,Size: 38,1
23841,Size: 38,1
23842,Size: 38,1
23843,Size: 38,1
23844,Size: 38,1
23825,Size: 40,1
23826,Size: 40,1
23827,Size: 40,1
23828,Size: 40,1
23829,Size: 40,1
23830,Size: 40,1
23831,Size: 40,1
23832,Size: 40,1
23833,Size: 40,1
23834,Size: 40,1
23835,Size: 40,1
23836,Size: 40,1
23837,Size: 40,1
23838,Size: 40,1
23839,Size: 40,1
23840,Size: 40,1
23841,Size: 40,1
23842,Size: 40,1
23843,Size: 40,1
23844,Size: 40,1
23825,Size: 42,1
23826,Size: 42,1
23827,Size: 42,1
23828,Size: 42,1
23829,Size: 42,1
23830,Size: 42,1
23831,Size: 42,1
23832,Size: 42,1
23833,Size: 42,1
23834,Size: 42,1
23835,Size: 42,1
23836,Size: 42,1
23837,Size: 42,1
23838,Size: 42,1
23839,Size: 42,1
23840,Size: 42,1
23841,Size: 42,1
23842,Size: 42,1
23843,Size: 42,1
23844,Size: 42,1
23825,Size: 44,1
23826,Size: 44,1
23827,Size: 44,1
23828,Size: 44,1
23829,Size: 44,1
23830,Size: 44,1
23831,Size: 44,1
23832,Size: 44,1
23833,Size: 44,1
23834,Size: 44,1
23835,Size: 44,1
23836,Size: 44,1
23837,Size: 44,1
23838,Size: 44,1
23839,Size: 44,1
23840,Size: 44,1
23841,Size: 44,1
23842,Size: 44,1
23843,Size: 44,1
23844,Size: 44,1
23825,Size: 46,1
23826,Size: 46,1
23827,Size: 46,1
23828,Size: 46,1
23829,Size: 46,1
23830,Size: 46,1
23831,Size: 46,1
23832,Size: 46,1
23833,Size: 46,1
23834,Size: 46,1
23835,Size: 46,1
23836,Size: 46,1
23837,Size: 46,1
23838,Size: 46,1
23839,Size: 46,1
23840,Size: 46,1
23841,Size: 46,1
23842,Size: 46,1
23843,Size: 46,1
23844,Size: 46,1
23825,Size: 48,1
23826,Size: 48,1
23827,Size: 48,1
23828,Size: 48,1
23829,Size: 48,1
23830,Size: 48,1
23831,Size: 48,1
23832,Size: 48,1
23833,Size: 48,1
23834,Size: 48,1
23835,Size: 48,1
23836,Size: 48,1
23837,Size: 48,1
23838,Size: 48,1
23839,Size: 48,1
23840,Size: 48,1
23841,Size: 48,1
23842,Size: 48,1
23843,Size: 48,1
23844,Size: 48,1
