Product_id,Size,Supplier Cost,MRP
16895,Size:44,86.9,16
16828,Size:44,151.8,28
16829,Size:44,130.9,24
16830,Size:44,130.9,24
16831,Size:44,159.5,30
16832,Size:44,121,23
16833,Size:44,151.8,28
16834,Size:44,117.7,22
16835,Size:44,161.7,30
16836,Size:44,81.4,15
16837,Size:44,111.1,21
16838,Size:44,130.9,24
16839,Size:44,105.6,20
16840,Size:44,125.4,23
16841,Size:44,105.6,20
16842,Size:44,110,21
16843,Size:44,130.9,24
16844,Size:44,125.4,23
16845,Size:44,91.3,17
16846,Size:44,103.4,19
16847,Size:44,119.9,22
16848,Size:44,125.4,23
16849,Size:44,130.9,24
16850,Size:44,85.8,16
16851,Size:44,130.9,24
16852,Size:44,130.9,24
16853,Size:44,121,23
16854,Size:44,108.9,20
16855,Size:44,123.2,23
16856,Size:44,129.8,24
16857,Size:44,111.1,21
16858,Size:44,108.9,20
16859,Size:44,111.1,21
16860,Size:44,91.3,17
16861,Size:44,91.3,17
16862,Size:44,102.3,19
16863,Size:44,161.7,30
16864,Size:44,123.2,23
16897,Size:44,119.9,22
16896,Size:44,108.9,20
16898,Size:44,119.9,22
16899,Size:44,105.6,20
16900,Size:44,91.3,17
16901,Size:44,85.8,16
16902,Size:44,85.8,16
16903,Size:44,144.1,27
16904,Size:44,124.3,23
16905,Size:44,75.9,14
16906,Size:44,89.1,17
16907,Size:44,99,19
16908,Size:44,75.9,14
16909,Size:44,129.8,24
16910,Size:44,79.2,15
16911,Size:44,119.9,22
16912,Size:44,119.9,22
16913,Size:44,103.4,19
16914,Size:44,114.4,21
16915,Size:44,105.6,20
16916,Size:44,101.2,19
16917,Size:44,111.1,21
16918,Size:44,111.1,21
16919,Size:44,105.6,20
16920,Size:44,119.9,22
16921,Size:44,89.1,17
16922,Size:44,73.7,14
16923,Size:44,95.7,18
16924,Size:44,81.4,15
16925,Size:44,149.6,28
16926,Size:44,117.7,22
16927,Size:44,85.8,16
16928,Size:44,97.9,18
16929,Size:44,77,15
16930,Size:44,86.9,16
16931,Size:44,86.9,16
16932,Size:44,116.6,22
16933,Size:44,137.5,26
16934,Size:44,143,27
16935,Size:44,117.7,22
16936,Size:44,161.7,30
16937,Size:44,196.9,36
16938,Size:44,149.6,28
16951,Size:44,111.1,21
16952,Size:44,111.1,21
16953,Size:44,199.1,37
16954,Size:44,111.1,21
16955,Size:44,137.5,26
16956,Size:44,86.9,16
16957,Size:44,117.7,22
16958,Size:44,81.4,15
16959,Size:44,100.1,19
16960,Size:44,96.8,18
16961,Size:44,105.6,20
16962,Size:44,91.3,17
16963,Size:44,111.1,21
16964,Size:44,85.8,16
16965,Size:44,111.1,21
16966,Size:44,105.6,20
16967,Size:44,83.6,16
16968,Size:44,83.6,16
16969,Size:44,111.1,21
16970,Size:44,91.3,17
16971,Size:44,91.3,17
16972,Size:44,86.9,16
16973,Size:44,105.6,20
16974,Size:44,86.9,16
16975,Size:44,83.6,16
16976,Size:44,85.8,16
16977,Size:44,91.3,17
16978,Size:44,91.3,17
16979,Size:44,85.8,16
16980,Size:44,119.9,22
16981,Size:44,105.6,20
16982,Size:44,103.4,19
16983,Size:44,85.8,16
16984,Size:44,125.4,23
16985,Size:44,105.6,20
16986,Size:44,111.1,21
16987,Size:44,111.1,21
16988,Size:44,89.1,17
16989,Size:44,105.6,20
16990,Size:44,105.6,20
16991,Size:44,83.6,16
16992,Size:44,89.1,17
16994,Size:44,49.5,10
16995,Size:44,47.3,9
16996,Size:44,41.8,8
16997,Size:44,49.5,10
16998,Size:44,57.2,11
16999,Size:44,45.1,9
17000,Size:44,37.4,7
17001,Size:44,51.7,10
17002,Size:44,49.5,10
17003,Size:44,53.9,10
17004,Size:44,41.8,8
17005,Size:44,37.4,7
17006,Size:44,57.2,11
17007,Size:44,41.8,8
17008,Size:44,42.9,8
17009,Size:44,47.3,9
17010,Size:44,49.5,10
17011,Size:44,57.2,11
17012,Size:44,39.6,8
17013,Size:44,53.9,10
17014,Size:44,12.1,3
17015,Size:44,19.8,4
17016,Size:44,29.7,6
17017,Size:44,49.5,10
17018,Size:44,29.7,6
17019,Size:44,57.2,11
17020,Size:44,53.9,10
17021,Size:44,57.2,11
17112,Size:44,31.9,6
17113,Size:44,49.5,10
17114,Size:44,25.3,5
17115,Size:44,31.9,6
17116,Size:44,13.2,4
17117,Size:44,13.2,4
17118,Size:44,20.9,4
17119,Size:44,25.3,5
17120,Size:44,55,11
17121,Size:44,27.5,6
17122,Size:44,53.9,10
17123,Size:44,25.3,5
16895,Size:46,86.9,16
16828,Size:46,151.8,28
16829,Size:46,130.9,24
16830,Size:46,130.9,24
16831,Size:46,159.5,30
16832,Size:46,121,23
16833,Size:46,151.8,28
16834,Size:46,117.7,22
16835,Size:46,161.7,30
16836,Size:46,81.4,15
16837,Size:46,111.1,21
16838,Size:46,130.9,24
16839,Size:46,105.6,20
16840,Size:46,125.4,23
16841,Size:46,105.6,20
16842,Size:46,110,21
16843,Size:46,130.9,24
16844,Size:46,125.4,23
16845,Size:46,91.3,17
16846,Size:46,103.4,19
16847,Size:46,119.9,22
16848,Size:46,125.4,23
16849,Size:46,130.9,24
16850,Size:46,85.8,16
16851,Size:46,130.9,24
16852,Size:46,130.9,24
16853,Size:46,121,23
16854,Size:46,108.9,20
16855,Size:46,123.2,23
16856,Size:46,129.8,24
16857,Size:46,111.1,21
16858,Size:46,108.9,20
16859,Size:46,111.1,21
16860,Size:46,91.3,17
16861,Size:46,91.3,17
16862,Size:46,102.3,19
16863,Size:46,161.7,30
16864,Size:46,123.2,23
16897,Size:46,119.9,22
16896,Size:46,108.9,20
16898,Size:46,119.9,22
16899,Size:46,105.6,20
16900,Size:46,91.3,17
16901,Size:46,85.8,16
16902,Size:46,85.8,16
16903,Size:46,144.1,27
16904,Size:46,124.3,23
16905,Size:46,75.9,14
16906,Size:46,89.1,17
16907,Size:46,99,19
16908,Size:46,75.9,14
16909,Size:46,129.8,24
16910,Size:46,79.2,15
16911,Size:46,119.9,22
16912,Size:46,119.9,22
16913,Size:46,103.4,19
16914,Size:46,114.4,21
16915,Size:46,105.6,20
16916,Size:46,101.2,19
16917,Size:46,111.1,21
16918,Size:46,111.1,21
16919,Size:46,105.6,20
16920,Size:46,119.9,22
16921,Size:46,89.1,17
16922,Size:46,73.7,14
16923,Size:46,95.7,18
16924,Size:46,81.4,15
16925,Size:46,149.6,28
16926,Size:46,117.7,22
16927,Size:46,85.8,16
16928,Size:46,97.9,18
16929,Size:46,77,15
16930,Size:46,86.9,16
16931,Size:46,86.9,16
16932,Size:46,116.6,22
16933,Size:46,137.5,26
16934,Size:46,143,27
16935,Size:46,117.7,22
16936,Size:46,161.7,30
16937,Size:46,196.9,36
16938,Size:46,149.6,28
16951,Size:46,111.1,21
16952,Size:46,111.1,21
16953,Size:46,199.1,37
16954,Size:46,111.1,21
16955,Size:46,137.5,26
16956,Size:46,86.9,16
16957,Size:46,117.7,22
16958,Size:46,81.4,15
16959,Size:46,100.1,19
16960,Size:46,96.8,18
16961,Size:46,105.6,20
16962,Size:46,91.3,17
16963,Size:46,111.1,21
16964,Size:46,85.8,16
16965,Size:46,111.1,21
16966,Size:46,105.6,20
16967,Size:46,83.6,16
16968,Size:46,83.6,16
16969,Size:46,111.1,21
16970,Size:46,91.3,17
16971,Size:46,91.3,17
16972,Size:46,86.9,16
16973,Size:46,105.6,20
16974,Size:46,86.9,16
16975,Size:46,83.6,16
16976,Size:46,85.8,16
16977,Size:46,91.3,17
16978,Size:46,91.3,17
16979,Size:46,85.8,16
16980,Size:46,119.9,22
16981,Size:46,105.6,20
16982,Size:46,103.4,19
16983,Size:46,85.8,16
16984,Size:46,125.4,23
16985,Size:46,105.6,20
16986,Size:46,111.1,21
16987,Size:46,111.1,21
16988,Size:46,89.1,17
16989,Size:46,105.6,20
16990,Size:46,105.6,20
16991,Size:46,83.6,16
16992,Size:46,89.1,17
16994,Size:46,49.5,10
16995,Size:46,47.3,9
16996,Size:46,41.8,8
16997,Size:46,49.5,10
16998,Size:46,57.2,11
16999,Size:46,45.1,9
17000,Size:46,37.4,7
17001,Size:46,51.7,10
17002,Size:46,49.5,10
17003,Size:46,53.9,10
17004,Size:46,41.8,8
17005,Size:46,37.4,7
17006,Size:46,57.2,11
17007,Size:46,41.8,8
17008,Size:46,42.9,8
17009,Size:46,47.3,9
17010,Size:46,49.5,10
17011,Size:46,57.2,11
17012,Size:46,39.6,8
17013,Size:46,53.9,10
17014,Size:46,12.1,3
17015,Size:46,19.8,4
17016,Size:46,29.7,6
17017,Size:46,49.5,10
17018,Size:46,29.7,6
17019,Size:46,57.2,11
17020,Size:46,53.9,10
17021,Size:46,57.2,11
17112,Size:46,31.9,6
17113,Size:46,49.5,10
17114,Size:46,25.3,5
17115,Size:46,31.9,6
17116,Size:46,13.2,4
17117,Size:46,13.2,4
17118,Size:46,20.9,4
17119,Size:46,25.3,5
17120,Size:46,55,11
17121,Size:46,27.5,6
17122,Size:46,53.9,10
17123,Size:46,25.3,5
16895,Size:48,86.9,16
16828,Size:48,151.8,28
16829,Size:48,130.9,24
16830,Size:48,130.9,24
16831,Size:48,159.5,30
16832,Size:48,121,23
16833,Size:48,151.8,28
16834,Size:48,117.7,22
16835,Size:48,161.7,30
16836,Size:48,81.4,15
16837,Size:48,111.1,21
16838,Size:48,130.9,24
16839,Size:48,105.6,20
16840,Size:48,125.4,23
16841,Size:48,105.6,20
16842,Size:48,110,21
16843,Size:48,130.9,24
16844,Size:48,125.4,23
16845,Size:48,91.3,17
16846,Size:48,103.4,19
16847,Size:48,119.9,22
16848,Size:48,125.4,23
16849,Size:48,130.9,24
16850,Size:48,85.8,16
16851,Size:48,130.9,24
16852,Size:48,130.9,24
16853,Size:48,121,23
16854,Size:48,108.9,20
16855,Size:48,123.2,23
16856,Size:48,129.8,24
16857,Size:48,111.1,21
16858,Size:48,108.9,20
16859,Size:48,111.1,21
16860,Size:48,91.3,17
16861,Size:48,91.3,17
16862,Size:48,102.3,19
16863,Size:48,161.7,30
16864,Size:48,123.2,23
16897,Size:48,119.9,22
16896,Size:48,108.9,20
16898,Size:48,119.9,22
16899,Size:48,105.6,20
16900,Size:48,91.3,17
16901,Size:48,85.8,16
16902,Size:48,85.8,16
16903,Size:48,144.1,27
16904,Size:48,124.3,23
16905,Size:48,75.9,14
16906,Size:48,89.1,17
16907,Size:48,99,19
16908,Size:48,75.9,14
16909,Size:48,129.8,24
16910,Size:48,79.2,15
16911,Size:48,119.9,22
16912,Size:48,119.9,22
16913,Size:48,103.4,19
16914,Size:48,114.4,21
16915,Size:48,105.6,20
16916,Size:48,101.2,19
16917,Size:48,111.1,21
16918,Size:48,111.1,21
16919,Size:48,105.6,20
16920,Size:48,119.9,22
16921,Size:48,89.1,17
16922,Size:48,73.7,14
16923,Size:48,95.7,18
16924,Size:48,81.4,15
16925,Size:48,149.6,28
16926,Size:48,117.7,22
16927,Size:48,85.8,16
16928,Size:48,97.9,18
16929,Size:48,77,15
16930,Size:48,86.9,16
16931,Size:48,86.9,16
16932,Size:48,116.6,22
16933,Size:48,137.5,26
16934,Size:48,143,27
16935,Size:48,117.7,22
16936,Size:48,161.7,30
16937,Size:48,196.9,36
16938,Size:48,149.6,28
16951,Size:48,111.1,21
16952,Size:48,111.1,21
16953,Size:48,199.1,37
16954,Size:48,111.1,21
16955,Size:48,137.5,26
16956,Size:48,86.9,16
16957,Size:48,117.7,22
16958,Size:48,81.4,15
16959,Size:48,100.1,19
16960,Size:48,96.8,18
16961,Size:48,105.6,20
16962,Size:48,91.3,17
16963,Size:48,111.1,21
16964,Size:48,85.8,16
16965,Size:48,111.1,21
16966,Size:48,105.6,20
16967,Size:48,83.6,16
16968,Size:48,83.6,16
16969,Size:48,111.1,21
16970,Size:48,91.3,17
16971,Size:48,91.3,17
16972,Size:48,86.9,16
16973,Size:48,105.6,20
16974,Size:48,86.9,16
16975,Size:48,83.6,16
16976,Size:48,85.8,16
16977,Size:48,91.3,17
16978,Size:48,91.3,17
16979,Size:48,85.8,16
16980,Size:48,119.9,22
16981,Size:48,105.6,20
16982,Size:48,103.4,19
16983,Size:48,85.8,16
16984,Size:48,125.4,23
16985,Size:48,105.6,20
16986,Size:48,111.1,21
16987,Size:48,111.1,21
16988,Size:48,89.1,17
16989,Size:48,105.6,20
16990,Size:48,105.6,20
16991,Size:48,83.6,16
16992,Size:48,89.1,17
16994,Size:48,49.5,10
16995,Size:48,47.3,9
16996,Size:48,41.8,8
16997,Size:48,49.5,10
16998,Size:48,57.2,11
16999,Size:48,45.1,9
17000,Size:48,37.4,7
17001,Size:48,51.7,10
17002,Size:48,49.5,10
17003,Size:48,53.9,10
17004,Size:48,41.8,8
17005,Size:48,37.4,7
17006,Size:48,57.2,11
17007,Size:48,41.8,8
17008,Size:48,42.9,8
17009,Size:48,47.3,9
17010,Size:48,49.5,10
17011,Size:48,57.2,11
17012,Size:48,39.6,8
17013,Size:48,53.9,10
17014,Size:48,12.1,3
17015,Size:48,19.8,4
17016,Size:48,29.7,6
17017,Size:48,49.5,10
17018,Size:48,29.7,6
17019,Size:48,57.2,11
17020,Size:48,53.9,10
17021,Size:48,57.2,11
17112,Size:48,31.9,6
17113,Size:48,49.5,10
17114,Size:48,25.3,5
17115,Size:48,31.9,6
17116,Size:48,13.2,4
17117,Size:48,13.2,4
17118,Size:48,20.9,4
17119,Size:48,25.3,5
17120,Size:48,55,11
17121,Size:48,27.5,6
17122,Size:48,53.9,10
17123,Size:48,25.3,5
16895,Size:50,86.9,16
16828,Size:50,151.8,28
16829,Size:50,130.9,24
16830,Size:50,130.9,24
16831,Size:50,159.5,30
16832,Size:50,121,23
16833,Size:50,151.8,28
16834,Size:50,117.7,22
16835,Size:50,161.7,30
16836,Size:50,81.4,15
16837,Size:50,111.1,21
16838,Size:50,130.9,24
16839,Size:50,105.6,20
16840,Size:50,125.4,23
16841,Size:50,105.6,20
16842,Size:50,110,21
16843,Size:50,130.9,24
16844,Size:50,125.4,23
16845,Size:50,91.3,17
16846,Size:50,103.4,19
16847,Size:50,119.9,22
16848,Size:50,125.4,23
16849,Size:50,130.9,24
16850,Size:50,85.8,16
16851,Size:50,130.9,24
16852,Size:50,130.9,24
16853,Size:50,121,23
16854,Size:50,108.9,20
16855,Size:50,123.2,23
16856,Size:50,129.8,24
16857,Size:50,111.1,21
16858,Size:50,108.9,20
16859,Size:50,111.1,21
16860,Size:50,91.3,17
16861,Size:50,91.3,17
16862,Size:50,102.3,19
16863,Size:50,161.7,30
16864,Size:50,123.2,23
16897,Size:50,119.9,22
16896,Size:50,108.9,20
16898,Size:50,119.9,22
16899,Size:50,105.6,20
16900,Size:50,91.3,17
16901,Size:50,85.8,16
16902,Size:50,85.8,16
16903,Size:50,144.1,27
16904,Size:50,124.3,23
16905,Size:50,75.9,14
16906,Size:50,89.1,17
16907,Size:50,99,19
16908,Size:50,75.9,14
16909,Size:50,129.8,24
16910,Size:50,79.2,15
16911,Size:50,119.9,22
16912,Size:50,119.9,22
16913,Size:50,103.4,19
16914,Size:50,114.4,21
16915,Size:50,105.6,20
16916,Size:50,101.2,19
16917,Size:50,111.1,21
16918,Size:50,111.1,21
16919,Size:50,105.6,20
16920,Size:50,119.9,22
16921,Size:50,89.1,17
16922,Size:50,73.7,14
16923,Size:50,95.7,18
16924,Size:50,81.4,15
16925,Size:50,149.6,28
16926,Size:50,117.7,22
16927,Size:50,85.8,16
16928,Size:50,97.9,18
16929,Size:50,77,15
16930,Size:50,86.9,16
16931,Size:50,86.9,16
16932,Size:50,116.6,22
16933,Size:50,137.5,26
16934,Size:50,143,27
16935,Size:50,117.7,22
16936,Size:50,161.7,30
16937,Size:50,196.9,36
16938,Size:50,149.6,28
16951,Size:50,111.1,21
16952,Size:50,111.1,21
16953,Size:50,199.1,37
16954,Size:50,111.1,21
16955,Size:50,137.5,26
16956,Size:50,86.9,16
16957,Size:50,117.7,22
16958,Size:50,81.4,15
16959,Size:50,100.1,19
16960,Size:50,96.8,18
16961,Size:50,105.6,20
16962,Size:50,91.3,17
16963,Size:50,111.1,21
16964,Size:50,85.8,16
16965,Size:50,111.1,21
16966,Size:50,105.6,20
16967,Size:50,83.6,16
16968,Size:50,83.6,16
16969,Size:50,111.1,21
16970,Size:50,91.3,17
16971,Size:50,91.3,17
16972,Size:50,86.9,16
16973,Size:50,105.6,20
16974,Size:50,86.9,16
16975,Size:50,83.6,16
16976,Size:50,85.8,16
16977,Size:50,91.3,17
16978,Size:50,91.3,17
16979,Size:50,85.8,16
16980,Size:50,119.9,22
16981,Size:50,105.6,20
16982,Size:50,103.4,19
16983,Size:50,85.8,16
16984,Size:50,125.4,23
16985,Size:50,105.6,20
16986,Size:50,111.1,21
16987,Size:50,111.1,21
16988,Size:50,89.1,17
16989,Size:50,105.6,20
16990,Size:50,105.6,20
16991,Size:50,83.6,16
16992,Size:50,89.1,17
16994,Size:50,49.5,10
16995,Size:50,47.3,9
16996,Size:50,41.8,8
16997,Size:50,49.5,10
16998,Size:50,57.2,11
16999,Size:50,45.1,9
17000,Size:50,37.4,7
17001,Size:50,51.7,10
17002,Size:50,49.5,10
17003,Size:50,53.9,10
17004,Size:50,41.8,8
17005,Size:50,37.4,7
17006,Size:50,57.2,11
17007,Size:50,41.8,8
17008,Size:50,42.9,8
17009,Size:50,47.3,9
17010,Size:50,49.5,10
17011,Size:50,57.2,11
17012,Size:50,39.6,8
17013,Size:50,53.9,10
17014,Size:50,12.1,3
17015,Size:50,19.8,4
17016,Size:50,29.7,6
17017,Size:50,49.5,10
17018,Size:50,29.7,6
17019,Size:50,57.2,11
17020,Size:50,53.9,10
17021,Size:50,57.2,11
17112,Size:50,31.9,6
17113,Size:50,49.5,10
17114,Size:50,25.3,5
17115,Size:50,31.9,6
17116,Size:50,13.2,4
17117,Size:50,13.2,4
17118,Size:50,20.9,4
17119,Size:50,25.3,5
17120,Size:50,55,11
17121,Size:50,27.5,6
17122,Size:50,53.9,10
17123,Size:50,25.3,5
