Product ID,Attribution,Quantity,Supplier Cost,MRP
16828,Size:44,3,759.5,28
16829,Size:44,3,659.5,24
16830,Size:44,3,659.5,24
16831,Size:44,3,800,29
16832,Size:44,3,609.5,22
16833,Size:44,3,759.5,28
16834,Size:44,3,589.5,22
16835,Size:44,3,809.5,30
16836,Size:44,3,529.5,20
16837,Size:44,3,599.5,22
16838,Size:44,3,659.5,24
16839,Size:44,3,529.5,20
16840,Size:44,3,629.5,23
16841,Size:44,3,529.5,20
16842,Size:44,3,555,20
16843,Size:44,3,659.5,24
16844,Size:44,3,629.5,23
16845,Size:44,3,459.5,16
16846,Size:44,3,519.5,19
16847,Size:44,3,600,22
16848,Size:44,3,629.5,23
16849,Size:44,3,659.5,24
16850,Size:44,3,459.5,16
16851,Size:44,3,659.5,24
16852,Size:44,3,659.5,24
16853,Size:44,3,609.5,22
16854,Size:44,3,549.5,20
16855,Size:44,3,619.5,22
16856,Size:44,3,649.5,24
16857,Size:44,3,559.5,20
16858,Size:44,3,549.5,20
16859,Size:44,3,559.5,20
16860,Size:44,3,459.5,16
16861,Size:44,3,459.5,16
16862,Size:44,3,515,19
16863,Size:44,3,809.5,30
16864,Size:44,3,619.5,22
16895,Size:44,3,439.5,16
16896,Size:44,3,549.5,20
16897,Size:44,3,599.5,22
16898,Size:44,3,599.5,22
16899,Size:44,3,529.5,20
16900,Size:44,3,459.5,16
16901,Size:44,3,429.5,16
16902,Size:44,3,429.5,16
16903,Size:44,3,725,26
16904,Size:44,3,625,23
16905,Size:44,3,379.5,14
16906,Size:44,3,449.5,16
16907,Size:44,3,499.5,18
16908,Size:44,3,379.5,14
16909,Size:44,3,649.5,24
16910,Size:44,3,399.5,14
16911,Size:44,3,599.5,22
16912,Size:44,3,599.5,22
16913,Size:44,3,519.5,19
16914,Size:44,3,575,21
16915,Size:44,3,529.5,20
16916,Size:44,3,509.5,18
16917,Size:44,3,559.5,20
16918,Size:44,3,559.5,20
16919,Size:44,3,529.5,20
16920,Size:44,3,599.5,22
16921,Size:44,3,449.5,16
16922,Size:44,3,369.5,14
16923,Size:44,3,479.5,18
16924,Size:44,3,409.5,15
16925,Size:44,3,750,27
16926,Size:44,3,589.5,22
16927,Size:44,3,429.5,16
16928,Size:44,3,489.5,18
16929,Size:44,3,389.5,14
16930,Size:44,3,439.5,16
16931,Size:44,3,439.5,16
16932,Size:44,3,585,21
16933,Size:44,3,689.5,26
16934,Size:44,3,719.5,26
16935,Size:44,3,589.5,22
16936,Size:44,3,809.5,30
16937,Size:44,3,989.5,36
16938,Size:44,3,749.5,28
16951,Size:44,3,559.5,20
16952,Size:44,3,559.5,20
16953,Size:44,3,1000,36
16954,Size:44,3,559.5,20
16955,Size:44,3,689.5,26
16956,Size:44,3,455,17
16957,Size:44,3,589.5,22
16958,Size:44,3,409.5,15
16959,Size:44,3,505,18
16960,Size:44,3,485,17
16961,Size:44,3,529.5,20
16962,Size:44,3,459.5,16
16963,Size:44,3,559.5,20
16964,Size:44,3,529.5,20
16965,Size:44,3,599.5,22
16966,Size:44,3,529.5,20
16967,Size:44,3,469.5,18
16968,Size:44,3,439.5,17
16969,Size:44,3,599.5,22
16970,Size:44,3,459.5,16
16971,Size:44,3,459.5,16
16972,Size:44,3,439.5,16
16973,Size:44,3,529.5,20
16974,Size:44,3,439.5,17
16975,Size:44,3,419.5,16
16976,Size:44,3,429.5,16
16977,Size:44,3,459.5,16
16978,Size:44,3,459.5,16
16979,Size:44,3,429.5,16
16980,Size:44,3,599.5,22
16981,Size:44,3,529.5,20
16982,Size:44,3,529.5,20
16983,Size:44,3,429.5,16
16984,Size:44,3,629.5,23
16985,Size:44,3,529.5,20
16986,Size:44,3,559.2,21
16987,Size:44,3,559.5,20
16988,Size:44,3,449.5,16
16989,Size:44,3,529.5,20
16990,Size:44,3,629.5,24
16991,Size:44,3,419.5,16
16992,Size:44,3,629.5,24
16994,Size:44,3,249.5,10
16995,Size:44,3,239.5,8
16996,Size:44,3,209.5,8
16997,Size:44,3,249.5,10
16998,Size:44,3,289.5,10
16999,Size:44,3,229.5,8
17000,Size:44,3,189.5,7
17001,Size:44,3,259.5,10
17002,Size:44,3,249.5,10
17003,Size:44,3,269.5,10
17004,Size:44,3,209.5,8
17005,Size:44,3,189.5,7
17006,Size:44,3,289.5,10
17007,Size:44,3,209.5,8
17008,Size:44,3,219.5,8
17009,Size:44,3,239.5,8
17010,Size:44,3,249.5,10
17011,Size:44,3,289.5,10
17012,Size:44,3,199.5,8
17013,Size:44,3,269.5,10
17014,Size:44,3,65,2
17016,Size:44,3,149.5,6
17017,Size:44,3,249.5,10
17018,Size:44,3,149.5,6
17019,Size:44,3,289.5,10
17020,Size:44,3,269.5,10
17021,Size:44,3,289.5,10
17112,Size:44,3,159.5,6
17113,Size:44,3,249.5,10
17114,Size:44,3,129.5,4
17115,Size:44,3,159.5,6
17116,Size:44,3,69.5,2
17117,Size:44,3,69.5,2
17118,Size:44,3,109.5,4
17119,Size:44,3,129.5,4
17120,Size:44,3,279.5,10
17121,Size:44,3,139.5,6
17122,Size:44,3,269.5,10
17123,Size:44,3,129.5,4
20061,Size:44,3,699.5,26
20062,Size:44,3,669.5,24
20063,Size:44,3,669.5,24
20064,Size:44,3,925,33
20065,Size:44,3,849.5,31
20066,Size:44,3,665,24
20067,Size:44,3,849.5,32
20068,Size:44,3,699.5,26
20069,Size:44,3,725,26
20070,Size:44,3,629.5,23
20071,Size:44,3,639.5,24
20072,Size:44,3,849.5,31
20073,Size:44,3,749.5,28
20074,Size:44,3,659.5,24
20075,Size:44,3,599.5,22
20076,Size:44,3,665,24
20077,Size:44,3,579.5,22
20078,Size:44,3,549.5,21
20079,Size:44,3,589.5,22
20080,Size:44,3,639.5,24
21825,Size:44,3,175,6
21826,Size:44,3,145,5
21827,Size:44,3,299.5,11
21828,Size:44,3,299.5,11
21829,Size:44,3,145,5
21830,Size:44,3,185,7
21833,Size:44,3,69.5,2
21834,Size:44,3,69.5,2
21835,Size:44,3,69.5,2
21836,Size:44,3,139.5,6
21837,Size:44,3,299.5,11
21838,Size:44,3,185,7
21839,Size:44,3,115,4
21840,Size:44,3,149.5,6
21841,Size:44,3,149.5,6
21842,Size:44,3,175,6
21843,Size:44,3,175,6
21844,Size:44,3,179.5,7
21845,Size:44,3,299.5,11
21846,Size:44,3,112.5,4
21847,Size:44,3,175,6
21848,Size:44,3,145,5
21849,Size:44,3,85,3
21850,Size:44,3,72.5,2
21851,Size:44,3,135,5
21852,Size:44,3,145,5
21853,Size:44,3,62.5,2
21854,Size:44,3,62.5,2
21855,Size:44,3,62.5,2
21856,Size:44,3,99.5,4
21857,Size:44,3,185,7
21858,Size:44,3,185,7
21859,Size:44,3,185,7
16828,Size:46,3,759.5,28
16829,Size:46,3,659.5,24
16830,Size:46,3,659.5,24
16831,Size:46,3,800,29
16832,Size:46,3,609.5,22
16833,Size:46,3,759.5,28
16834,Size:46,3,589.5,22
16835,Size:46,3,809.5,30
16836,Size:46,3,529.5,20
16837,Size:46,3,599.5,22
16838,Size:46,3,659.5,24
16839,Size:46,3,529.5,20
16840,Size:46,3,629.5,23
16841,Size:46,3,529.5,20
16842,Size:46,3,555,20
16843,Size:46,3,659.5,24
16844,Size:46,3,629.5,23
16845,Size:46,3,459.5,16
16846,Size:46,3,519.5,19
16847,Size:46,3,600,22
16848,Size:46,3,629.5,23
16849,Size:46,3,659.5,24
16850,Size:46,3,459.5,16
16851,Size:46,3,659.5,24
16852,Size:46,3,659.5,24
16853,Size:46,3,609.5,22
16854,Size:46,3,549.5,20
16855,Size:46,3,619.5,22
16856,Size:46,3,649.5,24
16857,Size:46,3,559.5,20
16858,Size:46,3,549.5,20
16859,Size:46,3,559.5,20
16860,Size:46,3,459.5,16
16861,Size:46,3,459.5,16
16862,Size:46,3,515,19
16863,Size:46,3,809.5,30
16864,Size:46,3,619.5,22
16895,Size:46,3,439.5,16
16896,Size:46,3,549.5,20
16897,Size:46,3,599.5,22
16898,Size:46,3,599.5,22
16899,Size:46,3,529.5,20
16900,Size:46,3,459.5,16
16901,Size:46,3,429.5,16
16902,Size:46,3,429.5,16
16903,Size:46,3,725,26
16904,Size:46,3,625,23
16905,Size:46,3,379.5,14
16906,Size:46,3,449.5,16
16907,Size:46,3,499.5,18
16908,Size:46,3,379.5,14
16909,Size:46,3,649.5,24
16910,Size:46,3,399.5,14
16911,Size:46,3,599.5,22
16912,Size:46,3,599.5,22
16913,Size:46,3,519.5,19
16914,Size:46,3,575,21
16915,Size:46,3,529.5,20
16916,Size:46,3,509.5,18
16917,Size:46,3,559.5,20
16918,Size:46,3,559.5,20
16919,Size:46,3,529.5,20
16920,Size:46,3,599.5,22
16921,Size:46,3,449.5,16
16922,Size:46,3,369.5,14
16923,Size:46,3,479.5,18
16924,Size:46,3,409.5,15
16925,Size:46,3,750,27
16926,Size:46,3,589.5,22
16927,Size:46,3,429.5,16
16928,Size:46,3,489.5,18
16929,Size:46,3,389.5,14
16930,Size:46,3,439.5,16
16931,Size:46,3,439.5,16
16932,Size:46,3,585,21
16933,Size:46,3,689.5,26
16934,Size:46,3,719.5,26
16935,Size:46,3,589.5,22
16936,Size:46,3,809.5,30
16937,Size:46,3,989.5,36
16938,Size:46,3,749.5,28
16951,Size:46,3,559.5,20
16952,Size:46,3,559.5,20
16953,Size:46,3,1000,36
16954,Size:46,3,559.5,20
16955,Size:46,3,689.5,26
16956,Size:46,3,455,17
16957,Size:46,3,589.5,22
16958,Size:46,3,409.5,15
16959,Size:46,3,505,18
16960,Size:46,3,485,17
16961,Size:46,3,529.5,20
16962,Size:46,3,459.5,16
16963,Size:46,3,559.5,20
16964,Size:46,3,529.5,20
16965,Size:46,3,599.5,22
16966,Size:46,3,529.5,20
16967,Size:46,3,469.5,18
16968,Size:46,3,439.5,17
16969,Size:46,3,599.5,22
16970,Size:46,3,459.5,16
16971,Size:46,3,459.5,16
16972,Size:46,3,439.5,16
16973,Size:46,3,529.5,20
16974,Size:46,3,439.5,17
16975,Size:46,3,419.5,16
16976,Size:46,3,429.5,16
16977,Size:46,3,459.5,16
16978,Size:46,3,459.5,16
16979,Size:46,3,429.5,16
16980,Size:46,3,599.5,22
16981,Size:46,3,529.5,20
16982,Size:46,3,529.5,20
16983,Size:46,3,429.5,16
16984,Size:46,3,629.5,23
16985,Size:46,3,529.5,20
16986,Size:46,3,559.2,21
16987,Size:46,3,559.5,20
16988,Size:46,3,449.5,16
16989,Size:46,3,529.5,20
16990,Size:46,3,629.5,24
16991,Size:46,3,419.5,16
16992,Size:46,3,629.5,24
16994,Size:46,3,249.5,10
16995,Size:46,3,239.5,8
16996,Size:46,3,209.5,8
16997,Size:46,3,249.5,10
16998,Size:46,3,289.5,10
16999,Size:46,3,229.5,8
17000,Size:46,3,189.5,7
17001,Size:46,3,259.5,10
17002,Size:46,3,249.5,10
17003,Size:46,3,269.5,10
17004,Size:46,3,209.5,8
17005,Size:46,3,189.5,7
17006,Size:46,3,289.5,10
17007,Size:46,3,209.5,8
17008,Size:46,3,219.5,8
17009,Size:46,3,239.5,8
17010,Size:46,3,249.5,10
17011,Size:46,3,289.5,10
17012,Size:46,3,199.5,8
17013,Size:46,3,269.5,10
17014,Size:46,3,65,2
17016,Size:46,3,149.5,6
17017,Size:46,3,249.5,10
17018,Size:46,3,149.5,6
17019,Size:46,3,289.5,10
17020,Size:46,3,269.5,10
17021,Size:46,3,289.5,10
17112,Size:46,3,159.5,6
17113,Size:46,3,249.5,10
17114,Size:46,3,129.5,4
17115,Size:46,3,159.5,6
17116,Size:46,3,69.5,2
17117,Size:46,3,69.5,2
17118,Size:46,3,109.5,4
17119,Size:46,3,129.5,4
17120,Size:46,3,279.5,10
17121,Size:46,3,139.5,6
17122,Size:46,3,269.5,10
17123,Size:46,3,129.5,4
20061,Size:46,3,699.5,26
20062,Size:46,3,669.5,24
20063,Size:46,3,669.5,24
20064,Size:46,3,925,33
20065,Size:46,3,849.5,31
20066,Size:46,3,665,24
20067,Size:46,3,849.5,32
20068,Size:46,3,699.5,26
20069,Size:46,3,725,26
20070,Size:46,3,629.5,23
20071,Size:46,3,639.5,24
20072,Size:46,3,849.5,31
20073,Size:46,3,749.5,28
20074,Size:46,3,659.5,24
20075,Size:46,3,599.5,22
20076,Size:46,3,665,24
20077,Size:46,3,579.5,22
20078,Size:46,3,549.5,21
20079,Size:46,3,589.5,22
20080,Size:46,3,639.5,24
21825,Size:46,3,175,6
21826,Size:46,3,145,5
21827,Size:46,3,299.5,11
21828,Size:46,3,299.5,11
21829,Size:46,3,145,5
21830,Size:46,3,185,7
21833,Size:46,3,69.5,2
21834,Size:46,3,69.5,2
21835,Size:46,3,69.5,2
21836,Size:46,3,139.5,6
21837,Size:46,3,299.5,11
21838,Size:46,3,185,7
21839,Size:46,3,115,4
21840,Size:46,3,149.5,6
21841,Size:46,3,149.5,6
21842,Size:46,3,175,6
21843,Size:46,3,175,6
21844,Size:46,3,179.5,7
21845,Size:46,3,299.5,11
21846,Size:46,3,112.5,4
21847,Size:46,3,175,6
21848,Size:46,3,145,5
21849,Size:46,3,85,3
21850,Size:46,3,72.5,2
21851,Size:46,3,135,5
21852,Size:46,3,145,5
21853,Size:46,3,62.5,2
21854,Size:46,3,62.5,2
21855,Size:46,3,62.5,2
21856,Size:46,3,99.5,4
21857,Size:46,3,185,7
21858,Size:46,3,185,7
21859,Size:46,3,185,7
16828,Size:48,3,759.5,28
16829,Size:48,3,659.5,24
16830,Size:48,3,659.5,24
16831,Size:48,3,800,29
16832,Size:48,3,609.5,22
16833,Size:48,3,759.5,28
16834,Size:48,3,589.5,22
16835,Size:48,3,809.5,30
16836,Size:48,3,529.5,20
16837,Size:48,3,599.5,22
16838,Size:48,3,659.5,24
16839,Size:48,3,529.5,20
16840,Size:48,3,629.5,23
16841,Size:48,3,529.5,20
16842,Size:48,3,555,20
16843,Size:48,3,659.5,24
16844,Size:48,3,629.5,23
16845,Size:48,3,459.5,16
16846,Size:48,3,519.5,19
16847,Size:48,3,600,22
16848,Size:48,3,629.5,23
16849,Size:48,3,659.5,24
16850,Size:48,3,459.5,16
16851,Size:48,3,659.5,24
16852,Size:48,3,659.5,24
16853,Size:48,3,609.5,22
16854,Size:48,3,549.5,20
16855,Size:48,3,619.5,22
16856,Size:48,3,649.5,24
16857,Size:48,3,559.5,20
16858,Size:48,3,549.5,20
16859,Size:48,3,559.5,20
16860,Size:48,3,459.5,16
16861,Size:48,3,459.5,16
16862,Size:48,3,515,19
16863,Size:48,3,809.5,30
16864,Size:48,3,619.5,22
16895,Size:48,3,439.5,16
16896,Size:48,3,549.5,20
16897,Size:48,3,599.5,22
16898,Size:48,3,599.5,22
16899,Size:48,3,529.5,20
16900,Size:48,3,459.5,16
16901,Size:48,3,429.5,16
16902,Size:48,3,429.5,16
16903,Size:48,3,725,26
16904,Size:48,3,625,23
16905,Size:48,3,379.5,14
16906,Size:48,3,449.5,16
16907,Size:48,3,499.5,18
16908,Size:48,3,379.5,14
16909,Size:48,3,649.5,24
16910,Size:48,3,399.5,14
16911,Size:48,3,599.5,22
16912,Size:48,3,599.5,22
16913,Size:48,3,519.5,19
16914,Size:48,3,575,21
16915,Size:48,3,529.5,20
16916,Size:48,3,509.5,18
16917,Size:48,3,559.5,20
16918,Size:48,3,559.5,20
16919,Size:48,3,529.5,20
16920,Size:48,3,599.5,22
16921,Size:48,3,449.5,16
16922,Size:48,3,369.5,14
16923,Size:48,3,479.5,18
16924,Size:48,3,409.5,15
16925,Size:48,3,750,27
16926,Size:48,3,589.5,22
16927,Size:48,3,429.5,16
16928,Size:48,3,489.5,18
16929,Size:48,3,389.5,14
16930,Size:48,3,439.5,16
16931,Size:48,3,439.5,16
16932,Size:48,3,585,21
16933,Size:48,3,689.5,26
16934,Size:48,3,719.5,26
16935,Size:48,3,589.5,22
16936,Size:48,3,809.5,30
16937,Size:48,3,989.5,36
16938,Size:48,3,749.5,28
16951,Size:48,3,559.5,20
16952,Size:48,3,559.5,20
16953,Size:48,3,1000,36
16954,Size:48,3,559.5,20
16955,Size:48,3,689.5,26
16956,Size:48,3,455,17
16957,Size:48,3,589.5,22
16958,Size:48,3,409.5,15
16959,Size:48,3,505,18
16960,Size:48,3,485,17
16961,Size:48,3,529.5,20
16962,Size:48,3,459.5,16
16963,Size:48,3,559.5,20
16964,Size:48,3,529.5,20
16965,Size:48,3,599.5,22
16966,Size:48,3,529.5,20
16967,Size:48,3,469.5,18
16968,Size:48,3,439.5,17
16969,Size:48,3,599.5,22
16970,Size:48,3,459.5,16
16971,Size:48,3,459.5,16
16972,Size:48,3,439.5,16
16973,Size:48,3,529.5,20
16974,Size:48,3,439.5,17
16975,Size:48,3,419.5,16
16976,Size:48,3,429.5,16
16977,Size:48,3,459.5,16
16978,Size:48,3,459.5,16
16979,Size:48,3,429.5,16
16980,Size:48,3,599.5,22
16981,Size:48,3,529.5,20
16982,Size:48,3,529.5,20
16983,Size:48,3,429.5,16
16984,Size:48,3,629.5,23
16985,Size:48,3,529.5,20
16986,Size:48,3,559.2,21
16987,Size:48,3,559.5,20
16988,Size:48,3,449.5,16
16989,Size:48,3,529.5,20
16990,Size:48,3,629.5,24
16991,Size:48,3,419.5,16
16992,Size:48,3,629.5,24
16994,Size:48,3,249.5,10
16995,Size:48,3,239.5,8
16996,Size:48,3,209.5,8
16997,Size:48,3,249.5,10
16998,Size:48,3,289.5,10
16999,Size:48,3,229.5,8
17000,Size:48,3,189.5,7
17001,Size:48,3,259.5,10
17002,Size:48,3,249.5,10
17003,Size:48,3,269.5,10
17004,Size:48,3,209.5,8
17005,Size:48,3,189.5,7
17006,Size:48,3,289.5,10
17007,Size:48,3,209.5,8
17008,Size:48,3,219.5,8
17009,Size:48,3,239.5,8
17010,Size:48,3,249.5,10
17011,Size:48,3,289.5,10
17012,Size:48,3,199.5,8
17013,Size:48,3,269.5,10
17014,Size:48,3,65,2
17016,Size:48,3,149.5,6
17017,Size:48,3,249.5,10
17018,Size:48,3,149.5,6
17019,Size:48,3,289.5,10
17020,Size:48,3,269.5,10
17021,Size:48,3,289.5,10
17112,Size:48,3,159.5,6
17113,Size:48,3,249.5,10
17114,Size:48,3,129.5,4
17115,Size:48,3,159.5,6
17116,Size:48,3,69.5,2
17117,Size:48,3,69.5,2
17118,Size:48,3,109.5,4
17119,Size:48,3,129.5,4
17120,Size:48,3,279.5,10
17121,Size:48,3,139.5,6
17122,Size:48,3,269.5,10
17123,Size:48,3,129.5,4
20061,Size:48,3,699.5,26
20062,Size:48,3,669.5,24
20063,Size:48,3,669.5,24
20064,Size:48,3,925,33
20065,Size:48,3,849.5,31
20066,Size:48,3,665,24
20067,Size:48,3,849.5,32
20068,Size:48,3,699.5,26
20069,Size:48,3,725,26
20070,Size:48,3,629.5,23
20071,Size:48,3,639.5,24
20072,Size:48,3,849.5,31
20073,Size:48,3,749.5,28
20074,Size:48,3,659.5,24
20075,Size:48,3,599.5,22
20076,Size:48,3,665,24
20077,Size:48,3,579.5,22
20078,Size:48,3,549.5,21
20079,Size:48,3,589.5,22
20080,Size:48,3,639.5,24
21825,Size:48,3,175,6
21826,Size:48,3,145,5
21827,Size:48,3,299.5,11
21828,Size:48,3,299.5,11
21829,Size:48,3,145,5
21830,Size:48,3,185,7
21833,Size:48,3,69.5,2
21834,Size:48,3,69.5,2
21835,Size:48,3,69.5,2
21836,Size:48,3,139.5,6
21837,Size:48,3,299.5,11
21838,Size:48,3,185,7
21839,Size:48,3,115,4
21840,Size:48,3,149.5,6
21841,Size:48,3,149.5,6
21842,Size:48,3,175,6
21843,Size:48,3,175,6
21844,Size:48,3,179.5,7
21845,Size:48,3,299.5,11
21846,Size:48,3,112.5,4
21847,Size:48,3,175,6
21848,Size:48,3,145,5
21849,Size:48,3,85,3
21850,Size:48,3,72.5,2
21851,Size:48,3,135,5
21852,Size:48,3,145,5
21853,Size:48,3,62.5,2
21854,Size:48,3,62.5,2
21855,Size:48,3,62.5,2
21856,Size:48,3,99.5,4
21857,Size:48,3,185,7
21858,Size:48,3,185,7
21859,Size:48,3,185,7
16828,Size:50,3,759.5,28
16829,Size:50,3,659.5,24
16830,Size:50,3,659.5,24
16831,Size:50,3,800,29
16832,Size:50,3,609.5,22
16833,Size:50,3,759.5,28
16834,Size:50,3,589.5,22
16835,Size:50,3,809.5,30
16836,Size:50,3,529.5,20
16837,Size:50,3,599.5,22
16838,Size:50,3,659.5,24
16839,Size:50,3,529.5,20
16840,Size:50,3,629.5,23
16841,Size:50,3,529.5,20
16842,Size:50,3,555,20
16843,Size:50,3,659.5,24
16844,Size:50,3,629.5,23
16845,Size:50,3,459.5,16
16846,Size:50,3,519.5,19
16847,Size:50,3,600,22
16848,Size:50,3,629.5,23
16849,Size:50,3,659.5,24
16850,Size:50,3,459.5,16
16851,Size:50,3,659.5,24
16852,Size:50,3,659.5,24
16853,Size:50,3,609.5,22
16854,Size:50,3,549.5,20
16855,Size:50,3,619.5,22
16856,Size:50,3,649.5,24
16857,Size:50,3,559.5,20
16858,Size:50,3,549.5,20
16859,Size:50,3,559.5,20
16860,Size:50,3,459.5,16
16861,Size:50,3,459.5,16
16862,Size:50,3,515,19
16863,Size:50,3,809.5,30
16864,Size:50,3,619.5,22
16895,Size:50,3,439.5,16
16896,Size:50,3,549.5,20
16897,Size:50,3,599.5,22
16898,Size:50,3,599.5,22
16899,Size:50,3,529.5,20
16900,Size:50,3,459.5,16
16901,Size:50,3,429.5,16
16902,Size:50,3,429.5,16
16903,Size:50,3,725,26
16904,Size:50,3,625,23
16905,Size:50,3,379.5,14
16906,Size:50,3,449.5,16
16907,Size:50,3,499.5,18
16908,Size:50,3,379.5,14
16909,Size:50,3,649.5,24
16910,Size:50,3,399.5,14
16911,Size:50,3,599.5,22
16912,Size:50,3,599.5,22
16913,Size:50,3,519.5,19
16914,Size:50,3,575,21
16915,Size:50,3,529.5,20
16916,Size:50,3,509.5,18
16917,Size:50,3,559.5,20
16918,Size:50,3,559.5,20
16919,Size:50,3,529.5,20
16920,Size:50,3,599.5,22
16921,Size:50,3,449.5,16
16922,Size:50,3,369.5,14
16923,Size:50,3,479.5,18
16924,Size:50,3,409.5,15
16925,Size:50,3,750,27
16926,Size:50,3,589.5,22
16927,Size:50,3,429.5,16
16928,Size:50,3,489.5,18
16929,Size:50,3,389.5,14
16930,Size:50,3,439.5,16
16931,Size:50,3,439.5,16
16932,Size:50,3,585,21
16933,Size:50,3,689.5,26
16934,Size:50,3,719.5,26
16935,Size:50,3,589.5,22
16936,Size:50,3,809.5,30
16937,Size:50,3,989.5,36
16938,Size:50,3,749.5,28
16951,Size:50,3,559.5,20
16952,Size:50,3,559.5,20
16953,Size:50,3,1000,36
16954,Size:50,3,559.5,20
16955,Size:50,3,689.5,26
16956,Size:50,3,455,17
16957,Size:50,3,589.5,22
16958,Size:50,3,409.5,15
16959,Size:50,3,505,18
16960,Size:50,3,485,17
16961,Size:50,3,529.5,20
16962,Size:50,3,459.5,16
16963,Size:50,3,559.5,20
16964,Size:50,3,529.5,20
16965,Size:50,3,599.5,22
16966,Size:50,3,529.5,20
16967,Size:50,3,469.5,18
16968,Size:50,3,439.5,17
16969,Size:50,3,599.5,22
16970,Size:50,3,459.5,16
16971,Size:50,3,459.5,16
16972,Size:50,3,439.5,16
16973,Size:50,3,529.5,20
16974,Size:50,3,439.5,17
16975,Size:50,3,419.5,16
16976,Size:50,3,429.5,16
16977,Size:50,3,459.5,16
16978,Size:50,3,459.5,16
16979,Size:50,3,429.5,16
16980,Size:50,3,599.5,22
16981,Size:50,3,529.5,20
16982,Size:50,3,529.5,20
16983,Size:50,3,429.5,16
16984,Size:50,3,629.5,23
16985,Size:50,3,529.5,20
16986,Size:50,3,559.2,21
16987,Size:50,3,559.5,20
16988,Size:50,3,449.5,16
16989,Size:50,3,529.5,20
16990,Size:50,3,629.5,24
16991,Size:50,3,419.5,16
16992,Size:50,3,629.5,24
16994,Size:50,3,249.5,10
16995,Size:50,3,239.5,8
16996,Size:50,3,209.5,8
16997,Size:50,3,249.5,10
16998,Size:50,3,289.5,10
16999,Size:50,3,229.5,8
17000,Size:50,3,189.5,7
17001,Size:50,3,259.5,10
17002,Size:50,3,249.5,10
17003,Size:50,3,269.5,10
17004,Size:50,3,209.5,8
17005,Size:50,3,189.5,7
17006,Size:50,3,289.5,10
17007,Size:50,3,209.5,8
17008,Size:50,3,219.5,8
17009,Size:50,3,239.5,8
17010,Size:50,3,249.5,10
17011,Size:50,3,289.5,10
17012,Size:50,3,199.5,8
17013,Size:50,3,269.5,10
17014,Size:50,3,65,2
17016,Size:50,3,149.5,6
17017,Size:50,3,249.5,10
17018,Size:50,3,149.5,6
17019,Size:50,3,289.5,10
17020,Size:50,3,269.5,10
17021,Size:50,3,289.5,10
17112,Size:50,3,159.5,6
17113,Size:50,3,249.5,10
17114,Size:50,3,129.5,4
17115,Size:50,3,159.5,6
17116,Size:50,3,69.5,2
17117,Size:50,3,69.5,2
17118,Size:50,3,109.5,4
17119,Size:50,3,129.5,4
17120,Size:50,3,279.5,10
17121,Size:50,3,139.5,6
17122,Size:50,3,269.5,10
17123,Size:50,3,129.5,4
20061,Size:50,3,699.5,26
20062,Size:50,3,669.5,24
20063,Size:50,3,669.5,24
20064,Size:50,3,925,33
20065,Size:50,3,849.5,31
20066,Size:50,3,665,24
20067,Size:50,3,849.5,32
20068,Size:50,3,699.5,26
20069,Size:50,3,725,26
20070,Size:50,3,629.5,23
20071,Size:50,3,639.5,24
20072,Size:50,3,849.5,31
20073,Size:50,3,749.5,28
20074,Size:50,3,659.5,24
20075,Size:50,3,599.5,22
20076,Size:50,3,665,24
20077,Size:50,3,579.5,22
20078,Size:50,3,549.5,21
20079,Size:50,3,589.5,22
20080,Size:50,3,639.5,24
21825,Size:50,3,175,6
21826,Size:50,3,145,5
21827,Size:50,3,299.5,11
21828,Size:50,3,299.5,11
21829,Size:50,3,145,5
21830,Size:50,3,185,7
21833,Size:50,3,69.5,2
21834,Size:50,3,69.5,2
21835,Size:50,3,69.5,2
21836,Size:50,3,139.5,6
21837,Size:50,3,299.5,11
21838,Size:50,3,185,7
21839,Size:50,3,115,4
21840,Size:50,3,149.5,6
21841,Size:50,3,149.5,6
21842,Size:50,3,175,6
21843,Size:50,3,175,6
21844,Size:50,3,179.5,7
21845,Size:50,3,299.5,11
21846,Size:50,3,112.5,4
21847,Size:50,3,175,6
21848,Size:50,3,145,5
21849,Size:50,3,85,3
21850,Size:50,3,72.5,2
21851,Size:50,3,135,5
21852,Size:50,3,145,5
21853,Size:50,3,62.5,2
21854,Size:50,3,62.5,2
21855,Size:50,3,62.5,2
21856,Size:50,3,99.5,4
21857,Size:50,3,185,7
21858,Size:50,3,185,7
21859,Size:50,3,185,7
