product_ids,attributes,quantity,Supplier Cost,MRP
15100,Size:38,5,107.1818182,0
15100,Size:40,5,107.1818182,0
15100,Size:42,5,107.1818182,0
15100,Size:44,5,107.1818182,0
15100,Size:46,5,117.9,21
15100,Size:48,5,128.6181818,43
15100,Size:50,5,139.3363637,64
15100,Size:52,5,150.0545455,86
15101,Size:38,5,107.1818182,0
15101,Size:40,5,107.1818182,0
15101,Size:42,5,107.1818182,0
15101,Size:44,5,107.1818182,0
15101,Size:46,5,107.1818182,20.80000004
15101,Size:48,5,107.1818182,42.23636368
15101,Size:50,5,107.1818182,63.67272732
15101,Size:52,5,107.1818182,85.10909096
15102,Size:38,5,163.6181818,0
15102,Size:40,5,163.6181818,0
15102,Size:42,5,163.6181818,0
15102,Size:44,5,163.6181818,0
15102,Size:46,5,179.98,32
15102,Size:48,5,196.3418182,65
15102,Size:50,5,212.7036363,98
15102,Size:52,5,229.0654545,131
15103,Size:38,5,163.6181818,327.2363636
15103,Size:40,5,163.6181818,327.2363636
15103,Size:42,5,163.6181818,327.2363636
15103,Size:44,5,163.6181818,327.2363636
15103,Size:46,5,179.98,32
15103,Size:48,5,196.3418182,65
15103,Size:50,5,212.7036363,98
15103,Size:52,5,229.0654545,131
15104,Size:38,5,218.1636364,0
15104,Size:40,5,218.1636364,0
15104,Size:42,5,218.1636364,0
15104,Size:44,5,218.1636364,0
15104,Size:46,5,239.98,43
15104,Size:48,5,261.7963637,87
15104,Size:50,5,283.6127273,131
15104,Size:52,5,305.429091,174
15105,Size:38,5,198.1636364,0
15105,Size:40,5,198.1636364,0
15105,Size:42,5,198.1636364,0
15105,Size:44,5,198.1636364,0
15105,Size:46,5,217.98,39
15105,Size:48,5,237.7963637,79
15105,Size:50,5,257.6127273,119
15105,Size:52,5,277.429091,158
15106,Size:38,5,198.1636364,0
15106,Size:40,5,198.1636364,0
15106,Size:42,5,198.1636364,0
15106,Size:44,5,198.1636364,0
15106,Size:46,5,217.98,39
15106,Size:48,5,237.7963637,79
15106,Size:50,5,257.6127273,119
15106,Size:52,5,277.429091,158
15107,Size:38,5,106.3636364,0
15107,Size:40,5,106.3636364,0
15107,Size:42,5,106.3636364,0
15107,Size:44,5,106.3636364,0
15107,Size:46,5,117,22
15107,Size:48,5,127.6363637,43
15107,Size:50,5,138.2727273,64
15107,Size:52,5,148.909091,85
15108,Size:38,5,323.6,0
15108,Size:40,5,323.6,0
15108,Size:42,5,323.6,0
15108,Size:44,5,323.6,0
15108,Size:46,5,355.96,32
15108,Size:48,5,388.32,65
15108,Size:50,5,420.68,97
15108,Size:52,5,453.04,130
15109,Size:38,5,168.1818182,0
15109,Size:40,5,168.1818182,0
15109,Size:42,5,168.1818182,0
15109,Size:44,5,168.1818182,0
15109,Size:46,5,185,34
15109,Size:48,5,201.8181818,67
15109,Size:50,5,218.6363637,101
15109,Size:52,5,235.4545455,134
15110,Size:38,5,161.8,0
15110,Size:40,5,161.8,0
15110,Size:42,5,161.8,0
15110,Size:44,5,161.8,0
15110,Size:46,5,177.98,32
15110,Size:48,5,194.16,65
15110,Size:50,5,210.34,97
15110,Size:52,5,226.52,130
15111,Size:38,5,177.7272727,0
15111,Size:40,5,177.7272727,0
15111,Size:42,5,177.7272727,0
15111,Size:44,5,177.7272727,0
15111,Size:46,5,195.5,35
15111,Size:48,5,213.2727272,71
15111,Size:50,5,231.0454545,107
15111,Size:52,5,248.8181818,142
15112,Size:38,5,136.3454545,0
15112,Size:40,5,136.3454545,0
15112,Size:42,5,136.3454545,0
15112,Size:44,5,136.3454545,0
15112,Size:46,5,149.98,27
15112,Size:48,5,163.6145454,55
15112,Size:50,5,177.2490909,82
15112,Size:52,5,190.8836363,109
15113,Size:38,5,145.4363636,0
15113,Size:40,5,145.4363636,0
15113,Size:42,5,145.4363636,0
15113,Size:44,5,145.4363636,0
15113,Size:46,5,159.98,29
15113,Size:48,5,174.5236363,59
15113,Size:50,5,189.0672727,88
15113,Size:52,5,203.610909,117
15114,Size:38,5,90.89090909,0
15114,Size:40,5,90.89090909,0
15114,Size:42,5,90.89090909,0
15114,Size:44,5,90.89090909,0
15114,Size:46,5,99.98,18
15114,Size:48,5,109.0690909,37
15114,Size:50,5,118.1581818,55
15114,Size:52,5,127.2472727,73
15115,Size:38,5,172.7090909,0
15115,Size:40,5,172.7090909,0
15115,Size:42,5,172.7090909,0
15115,Size:44,5,172.7090909,0
15115,Size:46,5,189.98,34
15115,Size:48,5,207.2509091,69
15115,Size:50,5,224.5218182,104
15115,Size:52,5,241.7927273,138
15116,Size:38,5,143.6181818,0
15116,Size:40,5,143.6181818,0
15116,Size:42,5,143.6181818,0
15116,Size:44,5,143.6181818,0
15116,Size:46,5,157.98,28
15116,Size:48,5,172.3418182,57
15116,Size:50,5,186.7036363,86
15116,Size:52,5,201.0654545,115
15117,Size:38,5,90.89090909,0
15117,Size:40,5,90.89090909,0
15117,Size:42,5,90.89090909,0
15117,Size:44,5,90.89090909,0
15117,Size:46,5,99.98,18
15117,Size:48,5,109.0690909,37
15117,Size:50,5,118.1581818,55
15117,Size:52,5,127.2472727,73
15118,Size:38,5,161.8,0
15118,Size:40,5,161.8,0
15118,Size:42,5,161.8,0
15118,Size:44,5,161.8,0
15118,Size:46,5,177.98,32
15118,Size:48,5,194.16,65
15118,Size:50,5,210.34,97
15118,Size:52,5,226.52,130
15119,Size:38,5,99.98181818,0
15119,Size:40,5,99.98181818,0
15119,Size:42,5,99.98181818,0
15119,Size:44,5,99.98181818,0
15119,Size:46,5,109.98,20
15119,Size:48,5,119.9781818,40
15119,Size:50,5,129.9763636,60
15119,Size:52,5,139.9745455,80
15120,Size:38,5,99.98181818,0
15120,Size:40,5,99.98181818,0
15120,Size:42,5,99.98181818,0
15120,Size:44,5,99.98181818,0
15120,Size:46,5,109.98,20
15120,Size:48,5,119.9781818,40
15120,Size:50,5,129.9763636,60
15120,Size:52,5,139.9745455,80
15121,Size:38,5,118.1636364,0
15121,Size:40,5,118.1636364,0
15121,Size:42,5,118.1636364,0
15121,Size:44,5,118.1636364,0
15121,Size:46,5,129.98,23
15121,Size:48,5,141.7963637,47
15121,Size:50,5,153.6127273,71
15121,Size:52,5,165.429091,94
15122,Size:38,5,99.98181818,0
15122,Size:40,5,99.98181818,0
15122,Size:42,5,99.98181818,0
15122,Size:44,5,99.98181818,0
15122,Size:46,5,109.98,20
15122,Size:48,5,119.9781818,40
15122,Size:50,5,129.9763636,60
15122,Size:52,5,139.9745455,80
15123,Size:38,5,163.6181818,0
15123,Size:40,5,163.6181818,0
15123,Size:42,5,163.6181818,0
15123,Size:44,5,163.6181818,0
15123,Size:46,5,179.98,32
15123,Size:48,5,196.3418182,65
15123,Size:50,5,212.7036363,98
15123,Size:52,5,229.0654545,131
15124,Size:38,5,163.6181818,0
15124,Size:40,5,163.6181818,0
15124,Size:42,5,163.6181818,0
15124,Size:44,5,163.6181818,0
15124,Size:46,5,179.98,32
15124,Size:48,5,196.3418182,65
15124,Size:50,5,212.7036363,98
15124,Size:52,5,229.0654545,131
15125,Size:38,5,108.1818182,0
15125,Size:40,5,108.1818182,0
15125,Size:42,5,108.1818182,0
15125,Size:44,5,108.1818182,0
15125,Size:46,5,119,22
15125,Size:48,5,129.8181818,43
15125,Size:50,5,140.6363637,65
15125,Size:52,5,151.4545455,86
15126,Size:38,5,251,0
15126,Size:40,5,251,0
15126,Size:42,5,251,0
15126,Size:44,5,251,0
15126,Size:46,5,276,25
15126,Size:48,5,301,50
15126,Size:50,5,326,75
15126,Size:52,5,351,100
15127,Size:38,5,134.6545455,0
15127,Size:40,5,134.6545455,0
15127,Size:42,5,134.6545455,0
15127,Size:44,5,134.6545455,0
15127,Size:46,5,148.1200001,27
15127,Size:48,5,161.5854546,54
15127,Size:50,5,175.0509092,81
15127,Size:52,5,188.5163637,108
15128,Size:38,5,125.2545455,0
15128,Size:40,5,125.2545455,0
15128,Size:42,5,125.2545455,0
15128,Size:44,5,125.2545455,0
15128,Size:46,5,137.7800001,25
15128,Size:48,5,150.3054546,50
15128,Size:50,5,162.8309092,75
15128,Size:52,5,175.3563637,100
15129,Size:38,5,121.8,0
15129,Size:40,5,121.8,0
15129,Size:42,5,121.8,0
15129,Size:44,5,121.8,0
15129,Size:46,5,133.98,24
15129,Size:48,5,146.16,49
15129,Size:50,5,158.34,73
15129,Size:52,5,170.52,98
15130,Size:38,5,121.8,0
15130,Size:40,5,121.8,0
15130,Size:42,5,121.8,0
15130,Size:44,5,121.8,0
15130,Size:46,5,133.98,24
15130,Size:48,5,146.16,49
15130,Size:50,5,158.34,73
15130,Size:52,5,170.52,98
15131,Size:38,5,109.0727273,0
15131,Size:40,5,109.0727273,0
15131,Size:42,5,109.0727273,0
15131,Size:44,5,109.0727273,0
15131,Size:46,5,119.98,21
15131,Size:48,5,130.8872728,43
15131,Size:50,5,141.7945455,65
15131,Size:52,5,152.7018182,87
15132,Size:38,5,109.0727273,0
15132,Size:40,5,109.0727273,0
15132,Size:42,5,109.0727273,0
15132,Size:44,5,109.0727273,0
15132,Size:46,5,119.98,21
15132,Size:48,5,130.8872728,43
15132,Size:50,5,141.7945455,65
15132,Size:52,5,152.7018182,87
15133,Size:38,5,121.8,0
15133,Size:40,5,121.8,0
15133,Size:42,5,121.8,0
15133,Size:44,5,121.8,0
15133,Size:46,5,133.98,24
15133,Size:48,5,146.16,49
15133,Size:50,5,158.34,73
15133,Size:52,5,170.52,98
15134,Size:38,5,121.8,0
15134,Size:40,5,121.8,0
15134,Size:42,5,121.8,0
15134,Size:44,5,121.8,0
15134,Size:46,5,133.98,24
15134,Size:48,5,146.16,49
15134,Size:50,5,158.34,73
15134,Size:52,5,170.52,98
15135,Size:38,5,145.4363636,0
15135,Size:40,5,145.4363636,0
15135,Size:42,5,145.4363636,0
15135,Size:44,5,145.4363636,0
15135,Size:46,5,159.98,29
15135,Size:48,5,174.5236363,59
15135,Size:50,5,189.0672727,88
15135,Size:52,5,203.610909,117
15136,Size:38,5,168.1818182,0
15136,Size:40,5,168.1818182,0
15136,Size:42,5,168.1818182,0
15136,Size:44,5,168.1818182,0
15136,Size:46,5,185,34
15136,Size:48,5,201.8181818,67
15136,Size:50,5,218.6363637,101
15136,Size:52,5,235.4545455,134
15137,Size:38,5,99.98181818,0
15137,Size:40,5,99.98181818,0
15137,Size:42,5,99.98181818,0
15137,Size:44,5,99.98181818,0
15137,Size:46,5,109.98,20
15137,Size:48,5,119.9781818,40
15137,Size:50,5,129.9763636,60
15137,Size:52,5,139.9745455,80
15138,Size:38,5,99.98181818,0
15138,Size:40,5,99.98181818,0
15138,Size:42,5,99.98181818,0
15138,Size:44,5,99.98181818,0
15138,Size:46,5,109.98,20
15138,Size:48,5,119.9781818,40
15138,Size:50,5,129.9763636,60
15138,Size:52,5,139.9745455,80
15139,Size:38,5,99.98181818,0
15139,Size:40,5,99.98181818,0
15139,Size:42,5,99.98181818,0
15139,Size:44,5,99.98181818,0
15139,Size:46,5,109.98,20
15139,Size:48,5,119.9781818,40
15139,Size:50,5,129.9763636,60
15139,Size:52,5,139.9745455,80
