product_ids,attributes,quantity,supplier cost,MRP
14378,size:36,5,130.5818182,0
14378,size:38,5,130.5818182,0
14378,size:40,5,130.5818182,0
14378,size:42,5,130.5818182,0
14378,size:44,5,130.5818182,0
14378,size:46,5,143.64,26
14378,size:48,5,156.6981818,52
14378,size:50,5,169.7563637,78
14378,size:52,5,182.8145455,104
14379,size:36,5,148.8363636,0
14379,size:38,5,148.8363636,0
14379,size:40,5,148.8363636,0
14379,size:42,5,148.8363636,0
14379,size:44,5,148.8363636,0
14379,size:46,5,163.72,30
14379,size:48,5,178.6036363,60
14379,size:50,5,193.4872727,89
14379,size:52,5,208.370909,119
14380,size:36,5,83.90909091,0
14380,size:38,5,83.90909091,0
14380,size:40,5,83.90909091,0
14380,size:42,5,83.90909091,0
14380,size:44,5,83.90909091,0
14380,size:46,5,92.3,17
14380,size:48,5,100.6909091,34
14380,size:50,5,109.0818182,51
14380,size:52,5,117.4727273,67
14381,size:36,5,83.90909091,0
14381,size:38,5,83.90909091,0
14381,size:40,5,83.90909091,0
14381,size:42,5,83.90909091,0
14381,size:44,5,83.90909091,0
14381,size:46,5,92.3,17
14381,size:48,5,100.6909091,34
14381,size:50,5,109.0818182,51
14381,size:52,5,117.4727273,67
14382,size:36,5,83.90909091,0
14382,size:38,5,83.90909091,0
14382,size:40,5,83.90909091,0
14382,size:42,5,83.90909091,0
14382,size:44,5,83.90909091,0
14382,size:46,5,92.3,17
14382,size:48,5,100.6909091,34
14382,size:50,5,109.0818182,51
14382,size:52,5,117.4727273,67
14383,size:36,5,83.90909091,0
14383,size:38,5,83.90909091,0
14383,size:40,5,83.90909091,0
14383,size:42,5,83.90909091,0
14383,size:44,5,83.90909091,0
14383,size:46,5,92.3,17
14383,size:48,5,100.6909091,34
14383,size:50,5,109.0818182,51
14383,size:52,5,117.4727273,67
14384,size:36,5,83.90909091,0
14384,size:38,5,83.90909091,0
14384,size:40,5,83.90909091,0
14384,size:42,5,83.90909091,0
14384,size:44,5,83.90909091,0
14384,size:46,5,92.3,17
14384,size:48,5,100.6909091,34
14384,size:50,5,109.0818182,51
14384,size:52,5,117.4727273,67
14385,size:36,5,83.90909091,0
14385,size:38,5,83.90909091,0
14385,size:40,5,83.90909091,0
14385,size:42,5,83.90909091,0
14385,size:44,5,83.90909091,0
14385,size:46,5,92.3,17
14385,size:48,5,100.6909091,34
14385,size:50,5,109.0818182,51
14385,size:52,5,117.4727273,67
14386,size:36,5,83.90909091,0
14386,size:38,5,83.90909091,0
14386,size:40,5,83.90909091,0
14386,size:42,5,83.90909091,0
14386,size:44,5,83.90909091,0
14386,size:46,5,92.3,17
14386,size:48,5,100.6909091,34
14386,size:50,5,109.0818182,51
14386,size:52,5,117.4727273,67
14387,size:36,5,83.90909091,0
14387,size:38,5,83.90909091,0
14387,size:40,5,83.90909091,0
14387,size:42,5,83.90909091,0
14387,size:44,5,83.90909091,0
14387,size:46,5,92.3,17
14387,size:48,5,100.6909091,34
14387,size:50,5,109.0818182,51
14387,size:52,5,117.4727273,67
14388,size:36,5,83.90909091,0
14388,size:38,5,83.90909091,0
14388,size:40,5,83.90909091,0
14388,size:42,5,83.90909091,0
14388,size:44,5,83.90909091,0
14388,size:46,5,92.3,17
14388,size:48,5,100.6909091,34
14388,size:50,5,109.0818182,51
14388,size:52,5,117.4727273,67
14389,size:36,5,167.8,0
14389,size:38,5,167.8,0
14389,size:40,5,167.8,0
14389,size:42,5,167.8,0
14389,size:44,5,167.8,0
14389,size:46,5,184.58,34
14389,size:48,5,201.36,67
14389,size:50,5,218.14,101
14389,size:52,5,234.92,134
14390,size:36,5,77.27272727,0
14390,size:38,5,77.27272727,0
14390,size:40,5,77.27272727,0
14390,size:42,5,77.27272727,0
14390,size:44,5,77.27272727,0
14390,size:46,5,85,15
14390,size:48,5,92.72727272,31
14390,size:50,5,100.4545455,46
14390,size:52,5,108.1818182,62
14391,size:36,5,55.27272727,0
14391,size:38,5,55.27272727,0
14391,size:40,5,55.27272727,0
14391,size:42,5,55.27272727,0
14391,size:44,5,55.27272727,0
14391,size:46,5,60.8,11
14391,size:48,5,66.32727272,22
14391,size:50,5,71.85454545,33
14391,size:52,5,77.38181818,44
14392,size:36,5,84.54545455,170
14392,size:38,5,84.54545455,170
14392,size:40,5,84.54545455,170
14392,size:42,5,84.54545455,170
14392,size:44,5,84.54545455,170
14392,size:46,5,93.00000001,187
14392,size:48,5,101.4545455,203
14392,size:50,5,109.9090909,220
14392,size:52,5,118.3636364,237
14393,size:36,5,55.27272727,0
14393,size:38,5,55.27272727,0
14393,size:40,5,55.27272727,0
14393,size:42,5,55.27272727,0
14393,size:44,5,55.27272727,0
14393,size:46,5,60.8,11
14393,size:48,5,66.32727272,22
14393,size:50,5,71.85454545,33
14393,size:52,5,77.38181818,44
14394,size:36,5,77.27272727,0
14394,size:38,5,77.27272727,0
14394,size:40,5,77.27272727,0
14394,size:42,5,77.27272727,0
14394,size:44,5,77.27272727,0
14394,size:46,5,85,15
14394,size:48,5,92.72727272,31
14394,size:50,5,100.4545455,46
14394,size:52,5,108.1818182,62
14395,size:36,5,55.27272727,0
14395,size:38,5,55.27272727,0
14395,size:40,5,55.27272727,0
14395,size:42,5,55.27272727,0
14395,size:44,5,55.27272727,0
14395,size:46,5,60.8,11
14395,size:48,5,66.32727272,22
14395,size:50,5,71.85454545,33
14395,size:52,5,77.38181818,44
14396,size:36,5,55.27272727,0
14396,size:38,5,55.27272727,0
14396,size:40,5,55.27272727,0
14396,size:42,5,55.27272727,0
14396,size:44,5,55.27272727,0
14396,size:46,5,60.8,11
14396,size:48,5,66.32727272,22
14396,size:50,5,71.85454545,33
14396,size:52,5,77.38181818,44
14397,size:36,5,70,0
14397,size:38,5,70,0
14397,size:40,5,70,0
14397,size:42,5,70,0
14397,size:44,5,70,0
14397,size:46,5,77,14
14397,size:48,5,84,28
14397,size:50,5,91,42
14397,size:52,5,98,56
14398,size:36,5,70,0
14398,size:38,5,70,0
14398,size:40,5,70,0
14398,size:42,5,70,0
14398,size:44,5,70,0
14398,size:46,5,77,14
14398,size:48,5,84,28
14398,size:50,5,91,42
14398,size:52,5,98,56
14399,size:36,5,70,0
14399,size:38,5,70,0
14399,size:40,5,70,0
14399,size:42,5,70,0
14399,size:44,5,70,0
14399,size:46,5,77,14
14399,size:48,5,84,28
14399,size:50,5,91,42
14399,size:52,5,98,56
14400,size:36,5,70,0
14400,size:38,5,70,0
14400,size:40,5,70,0
14400,size:42,5,70,0
14400,size:44,5,70,0
14400,size:46,5,77,14
14400,size:48,5,84,28
14400,size:50,5,91,42
14400,size:52,5,98,56
14401,size:36,5,70,0
14401,size:38,5,70,0
14401,size:40,5,70,0
14401,size:42,5,70,0
14401,size:44,5,70,0
14401,size:46,5,77,14
14401,size:48,5,84,28
14401,size:50,5,91,42
14401,size:52,5,98,56
14402,size:36,5,50.81818182,0
14402,size:38,5,50.81818182,0
14402,size:40,5,50.81818182,0
14402,size:42,5,50.81818182,0
14402,size:44,5,50.81818182,0
14402,size:46,5,55.9,10
14402,size:48,5,60.98181818,20
14402,size:50,5,66.06363637,31
14402,size:52,5,71.14545455,41
