Product ID,Attribution,Quantity,Supplier Cost,MRP
19810,Size:42,5,200,9
19810,Size:44,5,200,9
19810,Size:46,5,400,19
19810,Size:48,5,400,19
19810,Size:50,5,600,28
19810,Size:52,5,600,28
19810,Size:54,5,600,28
19810,Size:56,5,800,37
19811,Size:42,5,200,9
19811,Size:44,5,200,9
19811,Size:46,5,400,18
19811,Size:48,5,400,18
19811,Size:50,5,600,28
19811,Size:52,5,600,28
19811,Size:54,5,600,28
19811,Size:56,5,800,37
19812,Size:42,5,200,9
19812,Size:44,5,200,9
19812,Size:46,5,400,18
19812,Size:48,5,400,18
19812,Size:50,5,600,27
19812,Size:52,5,600,27
19812,Size:54,5,600,27
19812,Size:56,5,800,36
19813,Size:42,5,200,9
19813,Size:44,5,200,9
19813,Size:46,5,400,18
19813,Size:48,5,400,18
19813,Size:50,5,600,28
19813,Size:52,5,600,28
19813,Size:54,5,600,28
19813,Size:56,5,800,37
19814,Size:42,5,200,9
19814,Size:44,5,200,9
19814,Size:46,5,400,18
19814,Size:48,5,400,18
19814,Size:50,5,600,27
19814,Size:52,5,600,27
19814,Size:54,5,600,27
19814,Size:56,5,800,36
19815,Size:42,5,200,9
19815,Size:44,5,200,9
19815,Size:46,5,400,18
19815,Size:48,5,400,18
19815,Size:50,5,600,27
19815,Size:52,5,600,27
19815,Size:54,5,600,27
19815,Size:56,5,800,36
19816,Size:42,5,200,10
19816,Size:44,5,200,10
19816,Size:46,5,400,19
19816,Size:48,5,400,19
19816,Size:50,5,600,28
19816,Size:52,5,600,28
19816,Size:54,5,600,28
19816,Size:56,5,800,37
19817,Size:42,5,200,9
19817,Size:44,5,200,9
19817,Size:46,5,400,18
19817,Size:48,5,400,18
19817,Size:50,5,600,27
19817,Size:52,5,600,27
19817,Size:54,5,600,27
19817,Size:56,5,800,36
19818,Size:42,5,200,9
19818,Size:44,5,200,9
19818,Size:46,5,400,18
19818,Size:48,5,400,18
19818,Size:50,5,600,27
19818,Size:52,5,600,27
19818,Size:54,5,600,27
19818,Size:56,5,800,36
19819,Size:42,5,200,9
19819,Size:44,5,200,9
19819,Size:46,5,400,18
19819,Size:48,5,400,18
19819,Size:50,5,600,28
19819,Size:52,5,600,28
19819,Size:54,5,600,28
19819,Size:56,5,800,37
19820,Size:42,5,200,9
19820,Size:44,5,200,9
19820,Size:46,5,400,18
19820,Size:48,5,400,18
19820,Size:50,5,600,27
19820,Size:52,5,600,27
19820,Size:54,5,600,27
19820,Size:56,5,800,36
19821,Size:42,5,200,9
19821,Size:44,5,200,9
19821,Size:46,5,400,18
19821,Size:48,5,400,18
19821,Size:50,5,600,27
19821,Size:52,5,600,27
19821,Size:54,5,600,27
19821,Size:56,5,800,36
