product_id,Attribution,Qty,Supplier Cost
8512,Age:0-1,10,350
8512,Age:1-2,10,350
8512,Age:3-4,10,350
8512,Age:4-5,10,370
8512,Age:5-6,10,370
8512,Age:6-7,10,390
8512,Age:7-9,10,410
8513,Age:0-1,10,350
8513,Age:1-2,10,350
8513,Age:3-4,10,350
8513,Age:4-5,10,370
8513,Age:5-6,10,370
8513,Age:6-7,10,390
8513,Age:7-9,10,410
8514,Age:0-1,10,350
8514,Age:1-2,10,350
8514,Age:3-4,10,350
8514,Age:4-5,10,370
8514,Age:5-6,10,370
8514,Age:6-7,10,390
8514,Age:7-9,10,410
8515,Age:0-1,10,350
8515,Age:1-2,10,350
8515,Age:3-4,10,350
8515,Age:4-5,10,370
8515,Age:5-6,10,370
8515,Age:6-7,10,390
8515,Age:7-9,10,410
8516,Age:0-1,10,350
8516,Age:1-2,10,350
8516,Age:3-4,10,350
8516,Age:4-5,10,370
8516,Age:5-6,10,370
8516,Age:6-7,10,390
8516,Age:7-9,10,410
8517,Age:0-1,10,350
8517,Age:1-2,10,350
8517,Age:3-4,10,350
8517,Age:4-5,10,370
8517,Age:5-6,10,370
8517,Age:6-7,10,390
8517,Age:7-9,10,410
8518,Age:0-1,10,350
8518,Age:1-2,10,350
8518,Age:3-4,10,350
8518,Age:4-5,10,370
8518,Age:5-6,10,370
8518,Age:6-7,10,390
8518,Age:7-9,10,410
8519,Age:0-1,10,350
8519,Age:1-2,10,350
8519,Age:3-4,10,350
8519,Age:4-5,10,370
8519,Age:5-6,10,370
8519,Age:6-7,10,390
8519,Age:7-9,10,410
8520,Age:0-1,10,350
8520,Age:1-2,10,350
8520,Age:3-4,10,350
8520,Age:4-5,10,370
8520,Age:5-6,10,370
8520,Age:6-7,10,390
8520,Age:7-9,10,410
