product_id,Attribution,Qty,Supplier Cost
10068,Age:1-2,5,31.90909091
10068,Age:2-3,5,33.36363636
10068,Age:3-4,5,34.81818182
10069,Age:1-2,5,31.90909091
10069,Age:2-3,5,33.36363636
10069,Age:3-4,5,34.81818182
10070,Age:1-2,5,37.72727273
10070,Age:2-3,5,39.18181818
10070,Age:3-4,5,40.63636364
10070,Age:4-5,5,42.09090909
10070,Age:5-6,5,43.54545455
10070,Age:6-7,5,45
10070,Age:7-9,5,46.45454545
10070,Age:10-11,5,47.90909091
10070,Age:11-12,5,49.36363636
10070,Age:12-13,5,50.81818182
10071,Age:1-2,5,37.72727273
10071,Age:2-3,5,39.18181818
10071,Age:3-4,5,40.63636364
10072,Age:4-5,5,27.54545455
10072,Age:5-6,5,29
10072,Age:6-7,5,30.45454545
10072,Age:7-9,5,31.90909091
10072,Age:10-11,5,33.36363636
10072,Age:11-12,5,34.81818182
10072,Age:12-13,5,36.27272727
10073,Age:4-5,5,50.81818182
10073,Age:5-6,5,52.27272727
10073,Age:6-7,5,53.72727273
10073,Age:7-9,5,55.18181818
10073,Age:10-11,5,56.63636364
10073,Age:11-12,5,58.09090909
10073,Age:12-13,5,59.54545455
10074,Age:1-2,5,46.45454545
10074,Age:2-3,5,47.90909091
10074,Age:3-4,5,49.36363636
10075,Age:1-2,5,46.45454545
10075,Age:2-3,5,47.90909091
10075,Age:3-4,5,49.36363636
10076,Age:4-5,5,39.18181818
10076,Age:5-6,5,40.63636364
10076,Age:6-7,5,42.09090909
10076,Age:7-9,5,43.54545455
10076,Age:10-11,5,45
10076,Age:11-12,5,46.45454545
10076,Age:12-13,5,47.90909091
