product_ids,attributes,quantity
13018,size: 34,5
13019,size: 34,5
13020,size: 34,5
13021,size: 34,5
13022,size: 34,5
13023,size: 34,5
13024,size: 34,5
13025,size: 34,5
13026,size: 34,5
13027,size: 34,5
13028,size: 34,5
13029,size: 34,5
13030,size: 34,5
13031,size: 34,5
13032,size: 34,5
13033,size: 34,5
13034,size: 34,5
13035,size: 34,5
13036,size: 34,5
13037,size: 34,5
13018,size: 36,5
13019,size: 36,5
13020,size: 36,5
13021,size: 36,5
13022,size: 36,5
13023,size: 36,5
13024,size: 36,5
13025,size: 36,5
13026,size: 36,5
13027,size: 36,5
13028,size: 36,5
13029,size: 36,5
13030,size: 36,5
13031,size: 36,5
13032,size: 36,5
13033,size: 36,5
13034,size: 36,5
13035,size: 36,5
13036,size: 36,5
13037,size: 36,5
13018,size: 38,5
13019,size: 38,5
13020,size: 38,5
13021,size: 38,5
13022,size: 38,5
13023,size: 38,5
13024,size: 38,5
13025,size: 38,5
13026,size: 38,5
13027,size: 38,5
13028,size: 38,5
13029,size: 38,5
13030,size: 38,5
13031,size: 38,5
13032,size: 38,5
13033,size: 38,5
13034,size: 38,5
13035,size: 38,5
13036,size: 38,5
13037,size: 38,5
13018,size: 40,5
13019,size: 40,5
13020,size: 40,5
13021,size: 40,5
13022,size: 40,5
13023,size: 40,5
13024,size: 40,5
13025,size: 40,5
13026,size: 40,5
13027,size: 40,5
13028,size: 40,5
13029,size: 40,5
13030,size: 40,5
13031,size: 40,5
13032,size: 40,5
13033,size: 40,5
13034,size: 40,5
13035,size: 40,5
13036,size: 40,5
13037,size: 40,5
13018,size: 42,5
13019,size: 42,5
13020,size: 42,5
13021,size: 42,5
13022,size: 42,5
13023,size: 42,5
13024,size: 42,5
13025,size: 42,5
13026,size: 42,5
13027,size: 42,5
13028,size: 42,5
13029,size: 42,5
13030,size: 42,5
13031,size: 42,5
13032,size: 42,5
13033,size: 42,5
13034,size: 42,5
13035,size: 42,5
13036,size: 42,5
13037,size: 42,5
13018,size: 44,5
13019,size: 44,5
13020,size: 44,5
13021,size: 44,5
13022,size: 44,5
13023,size: 44,5
13024,size: 44,5
13025,size: 44,5
13026,size: 44,5
13027,size: 44,5
13028,size: 44,5
13029,size: 44,5
13030,size: 44,5
13031,size: 44,5
13032,size: 44,5
13033,size: 44,5
13034,size: 44,5
13035,size: 44,5
13036,size: 44,5
13037,size: 44,5
