peoduct_ids,attributes,quantity,supplier cost
15880,size:34,10,0
15881,size:34,10,0
15882,size:34,10,0
15883,size:34,10,0
15884,size:34,10,0
15885,size:34,10,0
15886,size:34,10,0
15887,size:34,10,0
15888,size:34,10,0
15889,size:34,10,0
15890,size:34,10,0
15891,size:34,10,0
15892,size:34,10,0
15893,size:34,10,0
15894,size:34,10,0
15895,size:34,10,0
15896,size:34,10,0
15897,size:34,10,0
15898,size:34,10,0
15899,size:34,10,0
15900,size:34,10,0
15880,size:36,10,0
15881,size:36,10,0
15882,size:36,10,0
15883,size:36,10,0
15884,size:36,10,0
15885,size:36,10,0
15886,size:36,10,0
15887,size:36,10,0
15888,size:36,10,0
15889,size:36,10,0
15890,size:36,10,0
15891,size:36,10,0
15892,size:36,10,0
15893,size:36,10,0
15894,size:36,10,0
15895,size:36,10,0
15896,size:36,10,0
15897,size:36,10,0
15898,size:36,10,0
15899,size:36,10,0
15900,size:36,10,0
15880,size:38,10,0
15881,size:38,10,0
15882,size:38,10,0
15883,size:38,10,0
15884,size:38,10,0
15885,size:38,10,0
15886,size:38,10,0
15887,size:38,10,0
15888,size:38,10,0
15889,size:38,10,0
15890,size:38,10,0
15891,size:38,10,0
15892,size:38,10,0
15893,size:38,10,0
15894,size:38,10,0
15895,size:38,10,0
15896,size:38,10,0
15897,size:38,10,0
15898,size:38,10,0
15899,size:38,10,0
15900,size:38,10,0
15880,size:40,10,0
15881,size:40,10,0
15882,size:40,10,0
15883,size:40,10,0
15884,size:40,10,0
15885,size:40,10,0
15886,size:40,10,0
15887,size:40,10,0
15888,size:40,10,0
15889,size:40,10,0
15890,size:40,10,0
15891,size:40,10,0
15892,size:40,10,0
15893,size:40,10,0
15894,size:40,10,0
15895,size:40,10,0
15896,size:40,10,0
15897,size:40,10,0
15898,size:40,10,0
15899,size:40,10,0
15900,size:40,10,0
15880,size:42,10,2
15881,size:42,10,2
15882,size:42,10,2
15883,size:42,10,2
15884,size:42,10,2
15885,size:42,10,2
15886,size:42,10,2
15887,size:42,10,2
15888,size:42,10,2
15889,size:42,10,2
15890,size:42,10,2
15891,size:42,10,2
15892,size:42,10,2
15893,size:42,10,2
15894,size:42,10,2
15895,size:42,10,2
15896,size:42,10,2
15897,size:42,10,2
15898,size:42,10,2
15899,size:42,10,2
15900,size:42,10,2
15880,size:44,10,2
15881,size:44,10,2
15882,size:44,10,2
15883,size:44,10,2
15884,size:44,10,2
15885,size:44,10,2
15886,size:44,10,2
15887,size:44,10,2
15888,size:44,10,2
15889,size:44,10,2
15890,size:44,10,2
15891,size:44,10,2
15892,size:44,10,2
15893,size:44,10,2
15894,size:44,10,2
15895,size:44,10,2
15896,size:44,10,2
15897,size:44,10,2
15898,size:44,10,2
15899,size:44,10,2
15900,size:44,10,2
15880,size:46,10,2
15881,size:46,10,2
15882,size:46,10,2
15883,size:46,10,2
15884,size:46,10,2
15885,size:46,10,2
15886,size:46,10,2
15887,size:46,10,2
15888,size:46,10,2
15889,size:46,10,2
15890,size:46,10,2
15891,size:46,10,2
15892,size:46,10,2
15893,size:46,10,2
15894,size:46,10,2
15895,size:46,10,2
15896,size:46,10,2
15897,size:46,10,2
15898,size:46,10,2
15899,size:46,10,2
15900,size:46,10,2
15880,size:48,10,2
15881,size:48,10,2
15882,size:48,10,2
15883,size:48,10,2
15884,size:48,10,2
15885,size:48,10,2
15886,size:48,10,2
15887,size:48,10,2
15888,size:48,10,2
15889,size:48,10,2
15890,size:48,10,2
15891,size:48,10,2
15892,size:48,10,2
15893,size:48,10,2
15894,size:48,10,2
15895,size:48,10,2
15896,size:48,10,2
15897,size:48,10,2
15898,size:48,10,2
15899,size:48,10,2
15900,size:48,10,2
15880,size:50,10,2
15881,size:50,10,2
15882,size:50,10,2
15883,size:50,10,2
15884,size:50,10,2
15885,size:50,10,2
15886,size:50,10,2
15887,size:50,10,2
15888,size:50,10,2
15889,size:50,10,2
15890,size:50,10,2
15891,size:50,10,2
15892,size:50,10,2
15893,size:50,10,2
15894,size:50,10,2
15895,size:50,10,2
15896,size:50,10,2
15897,size:50,10,2
15898,size:50,10,2
15899,size:50,10,2
15900,size:50,10,2
