product_ids,attributes,quantity,supplier cost,MRP
14266,size:36,5,67.85454545,141
14267,size:36,5,67.85454545,141
14268,size:36,5,64.18181818,134
14269,size:36,5,64.18181818,134
14270,size:36,5,62.72727273,131
14271,size:36,5,98.49090909,202
14272,size:36,5,98.49090909,202
14273,size:36,5,70.03636364,146
14274,size:36,5,62.72727273,131
14275,size:36,5,65.65454545,137
14276,size:36,5,91.18181818,188
14277,size:36,5,54.70909091,115
14278,size:36,5,67.85454545,141
14279,size:36,5,67.85454545,141
14280,size:36,5,54.70909091,115
14281,size:36,5,54.70909091,115
14282,size:36,5,62.72727273,131
14283,size:36,5,65.65454545,137
14284,size:36,5,65.65454545,137
14285,size:36,5,65.65454545,137
14286,size:36,5,108.7090909,223
14287,size:36,5,65.65454545,137
14288,size:36,5,134.9818182,275
14289,size:36,5,102.1454545,210
14290,size:36,5,102.1454545,210
14266,size:38,5,67.85454545,141
14267,size:38,5,67.85454545,141
14268,size:38,5,64.18181818,134
14269,size:38,5,64.18181818,134
14270,size:38,5,62.72727273,131
14271,size:38,5,98.49090909,202
14272,size:38,5,98.49090909,202
14273,size:38,5,70.03636364,146
14274,size:38,5,62.72727273,131
14275,size:38,5,65.65454545,137
14276,size:38,5,91.18181818,188
14277,size:38,5,54.70909091,115
14278,size:38,5,67.85454545,141
14279,size:38,5,67.85454545,141
14280,size:38,5,54.70909091,115
14281,size:38,5,54.70909091,115
14282,size:38,5,62.72727273,131
14283,size:38,5,65.65454545,137
14284,size:38,5,65.65454545,137
14285,size:38,5,65.65454545,137
14286,size:38,5,108.7090909,223
14287,size:38,5,65.65454545,137
14288,size:38,5,134.9818182,275
14289,size:38,5,102.1454545,210
14290,size:38,5,102.1454545,210
14266,size:40,5,67.85454545,141
14267,size:40,5,67.85454545,141
14268,size:40,5,64.18181818,134
14269,size:40,5,64.18181818,134
14270,size:40,5,62.72727273,131
14271,size:40,5,98.49090909,202
14272,size:40,5,98.49090909,202
14273,size:40,5,70.03636364,146
14274,size:40,5,62.72727273,131
14275,size:40,5,65.65454545,137
14276,size:40,5,91.18181818,188
14277,size:40,5,54.70909091,115
14278,size:40,5,67.85454545,141
14279,size:40,5,67.85454545,141
14280,size:40,5,54.70909091,115
14281,size:40,5,54.70909091,115
14282,size:40,5,62.72727273,131
14283,size:40,5,65.65454545,137
14284,size:40,5,65.65454545,137
14285,size:40,5,65.65454545,137
14286,size:40,5,108.7090909,223
14287,size:40,5,65.65454545,137
14288,size:40,5,134.9818182,275
14289,size:40,5,102.1454545,210
14290,size:40,5,102.1454545,210
14266,size:42,5,67.85454545,141
14267,size:42,5,67.85454545,141
14268,size:42,5,64.18181818,134
14269,size:42,5,64.18181818,134
14270,size:42,5,62.72727273,131
14271,size:42,5,98.49090909,202
14272,size:42,5,98.49090909,202
14273,size:42,5,70.03636364,146
14274,size:42,5,62.72727273,131
14275,size:42,5,65.65454545,137
14276,size:42,5,91.18181818,188
14277,size:42,5,54.70909091,115
14278,size:42,5,67.85454545,141
14279,size:42,5,67.85454545,141
14280,size:42,5,54.70909091,115
14281,size:42,5,54.70909091,115
14282,size:42,5,62.72727273,131
14283,size:42,5,65.65454545,137
14284,size:42,5,65.65454545,137
14285,size:42,5,65.65454545,137
14286,size:42,5,108.7090909,223
14287,size:42,5,65.65454545,137
14288,size:42,5,134.9818182,275
14289,size:42,5,102.1454545,210
14290,size:42,5,102.1454545,210
14266,size:44,5,67.85454545,141
14267,size:44,5,67.85454545,141
14268,size:44,5,64.18181818,134
14269,size:44,5,64.18181818,134
14270,size:44,5,62.72727273,131
14271,size:44,5,98.49090909,202
14272,size:44,5,98.49090909,202
14273,size:44,5,70.03636364,146
14274,size:44,5,62.72727273,131
14275,size:44,5,65.65454545,137
14276,size:44,5,91.18181818,188
14277,size:44,5,54.70909091,115
14278,size:44,5,67.85454545,141
14279,size:44,5,67.85454545,141
14280,size:44,5,54.70909091,115
14281,size:44,5,54.70909091,115
14282,size:44,5,62.72727273,131
14283,size:44,5,65.65454545,137
14284,size:44,5,65.65454545,137
14285,size:44,5,65.65454545,137
14286,size:44,5,108.7090909,223
14287,size:44,5,65.65454545,137
14288,size:44,5,134.9818182,275
14289,size:44,5,102.1454545,210
14290,size:44,5,102.1454545,210
14266,size:46,5,67.85454545,156
14267,size:46,5,67.85454545,156
14268,size:46,5,64.18181818,148
14269,size:46,5,64.18181818,148
14270,size:46,5,62.72727273,145
14271,size:46,5,98.49090909,223
14272,size:46,5,98.49090909,223
14273,size:46,5,70.03636364,161
14274,size:46,5,62.72727273,145
14275,size:46,5,65.65454545,151
14276,size:46,5,91.18181818,207
14277,size:46,5,54.70909091,127
14278,size:46,5,67.85454545,156
14279,size:46,5,67.85454545,156
14280,size:46,5,54.70909091,127
14281,size:46,5,54.70909091,127
14282,size:46,5,62.72727273,145
14283,size:46,5,65.65454545,151
14284,size:46,5,65.65454545,151
14285,size:46,5,65.65454545,151
14286,size:46,5,108.7090909,246
14287,size:46,5,65.65454545,151
14288,size:46,5,134.9818182,303
14289,size:46,5,102.1454545,231
14290,size:46,5,102.1454545,231
14266,size:48,5,67.85454545,170
14267,size:48,5,67.85454545,170
14268,size:48,5,64.18181818,161
14269,size:48,5,64.18181818,161
14270,size:48,5,62.72727273,158
14271,size:48,5,98.49090909,243
14272,size:48,5,98.49090909,243
14273,size:48,5,70.03636364,176
14274,size:48,5,62.72727273,158
14275,size:48,5,65.65454545,165
14276,size:48,5,91.18181818,226
14277,size:48,5,54.70909091,138
14278,size:48,5,67.85454545,170
14279,size:48,5,67.85454545,170
14280,size:48,5,54.70909091,138
14281,size:48,5,54.70909091,138
14282,size:48,5,62.72727273,158
14283,size:48,5,65.65454545,165
14284,size:48,5,65.65454545,165
14285,size:48,5,65.65454545,165
14286,size:48,5,108.7090909,268
14287,size:48,5,65.65454545,165
14288,size:48,5,134.9818182,330
14289,size:48,5,102.1454545,252
14290,size:48,5,102.1454545,252
14266,size:50,5,67.85454545,184
14267,size:50,5,67.85454545,184
14268,size:50,5,64.18181818,175
14269,size:50,5,64.18181818,175
14270,size:50,5,62.72727273,171
14271,size:50,5,98.49090909,263
14272,size:50,5,98.49090909,263
14273,size:50,5,70.03636364,190
14274,size:50,5,62.72727273,171
14275,size:50,5,65.65454545,179
14276,size:50,5,91.18181818,245
14277,size:50,5,54.70909091,150
14278,size:50,5,67.85454545,184
14279,size:50,5,67.85454545,184
14280,size:50,5,54.70909091,150
14281,size:50,5,54.70909091,150
14282,size:50,5,62.72727273,171
14283,size:50,5,65.65454545,179
14284,size:50,5,65.65454545,179
14285,size:50,5,65.65454545,179
14286,size:50,5,108.7090909,290
14287,size:50,5,65.65454545,179
14288,size:50,5,134.9818182,358
14289,size:50,5,102.1454545,273
14290,size:50,5,102.1454545,273
14266,size:52,5,67.85454545,198
14267,size:52,5,67.85454545,198
14268,size:52,5,64.18181818,188
14269,size:52,5,64.18181818,188
14270,size:52,5,62.72727273,184
14271,size:52,5,98.49090909,283
14272,size:52,5,98.49090909,283
14273,size:52,5,70.03636364,205
14274,size:52,5,62.72727273,184
14275,size:52,5,65.65454545,192
14276,size:52,5,91.18181818,264
14277,size:52,5,54.70909091,161
14278,size:52,5,67.85454545,198
14279,size:52,5,67.85454545,198
14280,size:52,5,54.70909091,161
14281,size:52,5,54.70909091,161
14282,size:52,5,62.72727273,184
14283,size:52,5,65.65454545,192
14284,size:52,5,65.65454545,192
14285,size:52,5,65.65454545,192
14286,size:52,5,108.7090909,313
14287,size:52,5,65.65454545,192
14288,size:52,5,134.9818182,385
14289,size:52,5,102.1454545,294
14290,size:52,5,102.1454545,294
