product_id,Attribution,Qty
4605,34,5
4606,34,5
4607,34,5
4608,34,5
4609,34,5
4610,34,5
4611,34,5
4612,34,5
4613,34,5
4614,34,5
4615,34,5
4616,34,5
4617,34,5
4618,34,5
4619,34,5
4620,34,5
4621,34,5
4622,34,5
4605,36,5
4606,36,5
4607,36,5
4608,36,5
4609,36,5
4610,36,5
4611,36,5
4612,36,5
4613,36,5
4614,36,5
4615,36,5
4616,36,5
4617,36,5
4618,36,5
4619,36,5
4620,36,5
4621,36,5
4622,36,5
4605,38,5
4606,38,5
4607,38,5
4608,38,5
4609,38,5
4610,38,5
4611,38,5
4612,38,5
4613,38,5
4614,38,5
4615,38,5
4616,38,5
4617,38,5
4618,38,5
4619,38,5
4620,38,5
4621,38,5
4622,38,5
4605,40,5
4606,40,5
4607,40,5
4608,40,5
4609,40,5
4610,40,5
4611,40,5
4612,40,5
4613,40,5
4614,40,5
4615,40,5
4616,40,5
4617,40,5
4618,40,5
4619,40,5
4620,40,5
4621,40,5
4622,40,5
4605,42,5
4606,42,5
4607,42,5
4608,42,5
4609,42,5
4610,42,5
4611,42,5
4612,42,5
4613,42,5
4614,42,5
4615,42,5
4616,42,5
4617,42,5
4618,42,5
4619,42,5
4620,42,5
4621,42,5
4622,42,5
