product_id,attribute,qty
620,36,100
621,36,100
622,36,100
623,36,100
624,36,100
625,36,100
626,36,100
627,36,100
628,36,100
629,36,100
630,36,100
631,36,100
632,36,100
633,36,100
634,36,100
635,36,100
636,36,100
637,36,100
638,36,100
639,36,100
640,36,100
641,36,100
642,36,100
643,36,100
644,36,100
645,36,100
646,36,100
647,36,100
648,36,100
649,36,100
650,36,100
651,36,100
652,36,100
653,36,100
654,36,100
655,36,100
656,36,100
657,36,100
658,36,100
659,36,100
660,36,100
661,36,100
662,36,100
663,36,100
620,38,100
621,38,100
622,38,100
623,38,100
624,38,100
625,38,100
626,38,100
627,38,100
628,38,100
629,38,100
630,38,100
631,38,100
632,38,100
633,38,100
634,38,100
635,38,100
636,38,100
637,38,100
638,38,100
639,38,100
640,38,100
641,38,100
642,38,100
643,38,100
644,38,100
645,38,100
646,38,100
647,38,100
648,38,100
649,38,100
650,38,100
651,38,100
652,38,100
653,38,100
654,38,100
655,38,100
656,38,100
657,38,100
658,38,100
659,38,100
660,38,100
661,38,100
662,38,100
663,38,100
620,40,100
621,40,100
622,40,100
623,40,100
624,40,100
625,40,100
626,40,100
627,40,100
628,40,100
629,40,100
630,40,100
631,40,100
632,40,100
633,40,100
634,40,100
635,40,100
636,40,100
637,40,100
638,40,100
639,40,100
640,40,100
641,40,100
642,40,100
643,40,100
644,40,100
645,40,100
646,40,100
647,40,100
648,40,100
649,40,100
650,40,100
651,40,100
652,40,100
653,40,100
654,40,100
655,40,100
656,40,100
657,40,100
658,40,100
659,40,100
660,40,100
661,40,100
662,40,100
663,40,100
620,42,100
621,42,100
622,42,100
623,42,100
624,42,100
625,42,100
626,42,100
627,42,100
628,42,100
629,42,100
630,42,100
631,42,100
632,42,100
633,42,100
634,42,100
635,42,100
636,42,100
637,42,100
638,42,100
639,42,100
640,42,100
641,42,100
642,42,100
643,42,100
644,42,100
645,42,100
646,42,100
647,42,100
648,42,100
649,42,100
650,42,100
651,42,100
652,42,100
653,42,100
654,42,100
655,42,100
656,42,100
657,42,100
658,42,100
659,42,100
660,42,100
661,42,100
662,42,100
663,42,100
