product_ids,attributes,quantity
11812,size: 32,5
11813,size: 32,5
11814,size: 32,5
11815,size: 32,5
11816,size: 32,5
11817,size: 32,5
11818,size: 32,5
11819,size: 32,5
11820,size: 32,5
11821,size: 32,5
11822,size: 32,5
11823,size: 32,5
11824,size: 32,5
11825,size: 32,5
11826,size: 32,5
11827,size: 32,5
11828,size: 32,5
11829,size: 32,5
11830,size: 32,5
11831,size: 32,5
11832,size: 32,5
11833,size: 32,5
11834,size: 32,5
11835,size: 32,5
11836,size: 32,5
11837,size: 32,5
11838,size: 32,5
11839,size: 32,5
11840,size: 32,5
11841,size: 32,5
11842,size: 32,5
11843,size: 32,5
11812,size: 34,5
11813,size: 34,5
11814,size: 34,5
11815,size: 34,5
11816,size: 34,5
11817,size: 34,5
11818,size: 34,5
11819,size: 34,5
11820,size: 34,5
11821,size: 34,5
11822,size: 34,5
11823,size: 34,5
11824,size: 34,5
11825,size: 34,5
11826,size: 34,5
11827,size: 34,5
11828,size: 34,5
11829,size: 34,5
11830,size: 34,5
11831,size: 34,5
11832,size: 34,5
11833,size: 34,5
11834,size: 34,5
11835,size: 34,5
11836,size: 34,5
11837,size: 34,5
11838,size: 34,5
11839,size: 34,5
11840,size: 34,5
11841,size: 34,5
11842,size: 34,5
11843,size: 34,5
11812,size: 36,5
11813,size: 36,5
11814,size: 36,5
11815,size: 36,5
11816,size: 36,5
11817,size: 36,5
11818,size: 36,5
11819,size: 36,5
11820,size: 36,5
11821,size: 36,5
11822,size: 36,5
11823,size: 36,5
11824,size: 36,5
11825,size: 36,5
11826,size: 36,5
11827,size: 36,5
11828,size: 36,5
11829,size: 36,5
11830,size: 36,5
11831,size: 36,5
11832,size: 36,5
11833,size: 36,5
11834,size: 36,5
11835,size: 36,5
11836,size: 36,5
11837,size: 36,5
11838,size: 36,5
11839,size: 36,5
11840,size: 36,5
11841,size: 36,5
11842,size: 36,5
11843,size: 36,5
11812,size: 38,5
11813,size: 38,5
11814,size: 38,5
11815,size: 38,5
11816,size: 38,5
11817,size: 38,5
11818,size: 38,5
11819,size: 38,5
11820,size: 38,5
11821,size: 38,5
11822,size: 38,5
11823,size: 38,5
11824,size: 38,5
11825,size: 38,5
11826,size: 38,5
11827,size: 38,5
11828,size: 38,5
11829,size: 38,5
11830,size: 38,5
11831,size: 38,5
11832,size: 38,5
11833,size: 38,5
11834,size: 38,5
11835,size: 38,5
11836,size: 38,5
11837,size: 38,5
11838,size: 38,5
11839,size: 38,5
11840,size: 38,5
11841,size: 38,5
11842,size: 38,5
11843,size: 38,5
11812,size: 40,5
11813,size: 40,5
11814,size: 40,5
11815,size: 40,5
11816,size: 40,5
11817,size: 40,5
11818,size: 40,5
11819,size: 40,5
11820,size: 40,5
11821,size: 40,5
11822,size: 40,5
11823,size: 40,5
11824,size: 40,5
11825,size: 40,5
11826,size: 40,5
11827,size: 40,5
11828,size: 40,5
11829,size: 40,5
11830,size: 40,5
11831,size: 40,5
11832,size: 40,5
11833,size: 40,5
11834,size: 40,5
11835,size: 40,5
11836,size: 40,5
11837,size: 40,5
11838,size: 40,5
11839,size: 40,5
11840,size: 40,5
11841,size: 40,5
11842,size: 40,5
11843,size: 40,5
11812,size: 42,5
11813,size: 42,5
11814,size: 42,5
11815,size: 42,5
11816,size: 42,5
11817,size: 42,5
11818,size: 42,5
11819,size: 42,5
11820,size: 42,5
11821,size: 42,5
11822,size: 42,5
11823,size: 42,5
11824,size: 42,5
11825,size: 42,5
11826,size: 42,5
11827,size: 42,5
11828,size: 42,5
11829,size: 42,5
11830,size: 42,5
11831,size: 42,5
11832,size: 42,5
11833,size: 42,5
11834,size: 42,5
11835,size: 42,5
11836,size: 42,5
11837,size: 42,5
11838,size: 42,5
11839,size: 42,5
11840,size: 42,5
11841,size: 42,5
11842,size: 42,5
11843,size: 42,5
