product_ids,attributes,quantity,supplier_cost,MRP
18804,size:36,5,199.2727273,0
18804,size:38,5,199.2727273,0
18804,size:40,5,199.2727273,0
18804,size:42,5,199.2727273,0
18804,size:44,5,199.2727273,0
18804,size:46,5,199.2727273,40
18804,size:48,5,199.2727273,80
18804,size:50,5,199.2727273,120
18804,size:52,5,199.2727273,159
18805,size:36,5,159.2727273,0
18805,size:38,5,159.2727273,0
18805,size:40,5,159.2727273,0
18805,size:42,5,159.2727273,0
18805,size:44,5,159.2727273,0
18805,size:46,5,159.2727273,32
18805,size:48,5,159.2727273,64
18805,size:50,5,159.2727273,96
18805,size:52,5,159.2727273,128
18806,size:36,5,281.8,0
18806,size:38,5,281.8,0
18806,size:40,5,281.8,0
18806,size:42,5,281.8,0
18806,size:44,5,281.8,0
18806,size:46,5,281.8,57
18806,size:48,5,281.8,113
18806,size:50,5,281.8,170
18806,size:52,5,281.8,226
18807,size:36,5,180,0
18807,size:38,5,180,0
18807,size:40,5,180,0
18807,size:42,5,180,0
18807,size:44,5,180,0
18807,size:46,5,180,36
18807,size:48,5,180,72
18807,size:50,5,180,108
18807,size:52,5,180,144
18808,size:36,5,202.7090909,406
18808,size:38,5,202.7090909,406
18808,size:40,5,202.7090909,406
18808,size:42,5,202.7090909,406
18808,size:44,5,202.7090909,406
18808,size:46,5,202.7090909,41
18808,size:48,5,202.7090909,82
18808,size:50,5,202.7090909,122
18808,size:52,5,202.7090909,163
18809,size:36,5,174.5454545,350
18809,size:38,5,174.5454545,350
18809,size:40,5,174.5454545,350
18809,size:42,5,174.5454545,350
18809,size:44,5,174.5454545,350
18809,size:46,5,174.5454545,35
18809,size:48,5,174.5454545,70
18809,size:50,5,174.5454545,105
18809,size:52,5,174.5454545,140
18810,size:36,5,161.8181818,324
18810,size:38,5,161.8181818,324
18810,size:40,5,161.8181818,324
18810,size:42,5,161.8181818,324
18810,size:44,5,161.8181818,324
18810,size:46,5,161.8181818,33
18810,size:48,5,161.8181818,65
18810,size:50,5,161.8181818,98
18810,size:52,5,161.8181818,130
18811,size:36,5,308.3636364,617
18811,size:38,5,308.3636364,617
18811,size:40,5,308.3636364,617
18811,size:42,5,308.3636364,617
18811,size:44,5,308.3636364,617
18811,size:46,5,308.3636364,62
18811,size:48,5,308.3636364,124
18811,size:50,5,308.3636364,186
18811,size:52,5,308.3636364,247
