product_ids,attributes,quantity,supplier_cost,MRP
19090,size: 38,6,384.0909091,0
19090,size: 40,6,384.0909091,0
19090,size: 42,6,384.0909091,0
19090,size: 44,6,422.5,38.40909091
19090,size: 46,6,422.5,38.40909091
19090,size: 48,6,422.5,38.40909091
19090,size:50,6,422.5,38.40909091
19090,size: 52,6,422.5,38.40909091
19091,size: 38,6,212.7272727,0
19091,size: 40,6,212.7272727,0
19091,size: 42,6,212.7272727,0
19091,size: 44,6,234,21.27272727
19091,size: 46,6,234,21.27272727
19091,size: 48,6,234,21.27272727
19091,size: 50,6,234,21.27272727
19091,size: 52,6,234,21.27272727
19092,size: 38,6,350.9090909,0
19092,size: 40,6,350.9090909,0
19092,size: 42,6,350.9090909,0
19092,size: 44,6,386,35.09090909
19092,size: 46,6,386,35.09090909
19092,size: 48,6,386,35.09090909
19092,size: 50,6,386,35.09090909
19092,size: 52,6,386,35.09090909
19093,size: 38,6,157.7272727,0
19093,size: 40,6,157.7272727,0
19093,size: 42,6,157.7272727,0
19093,size: 44,6,173.5,15.77272727
19093,size: 46,6,173.5,15.77272727
19093,size: 48,6,173.5,15.77272727
19093,size: 50,6,173.5,15.77272727
19093,size: 52,6,173.5,15.77272727
19094,size: 38,6,132.4545455,0
19094,size: 40,6,132.4545455,0
19094,size: 42,6,132.4545455,0
19094,size: 44,6,145.7000001,13.24545455
19094,size: 46,6,145.7000001,13.24545455
19094,size: 48,6,145.7000001,13.24545455
19094,size:50,6,145.7000001,13.24545455
19094,size: 52,6,145.7000001,13.24545455
19095,size: 38,6,234.0909091,0
19095,size: 40,6,234.0909091,0
19095,size: 42,6,234.0909091,0
19095,size: 44,6,257.5,23.40909091
19095,size: 46,6,257.5,23.40909091
19095,size: 48,6,257.5,23.40909091
19095,size:50,6,257.5,23.40909091
19095,size: 52,6,257.5,23.40909091
