product_ids,attribute,quantity,supplier cost
15901,Age:3-6months,5,1300
15902,Age:3-6months,5,1400
15903,Age:3-6months,5,1400
15904,Age:3-6months,5,1500
15905,Age:3-6months,5,1300
15906,Age:3-6months,5,1300
15907,Age:3-6months,5,1300
15908,Age:3-6months,5,1400
15909,Age:3-6months,5,1300
15901,Age:6months-1yr,5,1300
15902,Age:6months-1yr,5,1500
15903,Age:6months-1yr,5,1500
15904,Age:6months-1yr,5,1600
15905,Age:6months-1yr,5,1300
15906,Age:6months-1yr,5,1300
15907,Age:6months-1yr,5,1300
15908,Age:6months-1yr,5,1500
15909,Age:6months-1yr,5,1300
15901,Age:1-2yr,5,1400
15902,Age:1-2yr,5,1600
15903,Age:1-2yr,5,1600
15904,Age:1-2yr,5,1700
15905,Age:1-2yr,5,1400
15906,Age:1-2yr,5,1400
15907,Age:1-2yr,5,1400
15908,Age:1-2yr,5,1600
15909,Age:1-2yr,5,1400
15901,Age:2-3yr,5,1500
15902,Age:2-3yr,5,1700
15903,Age:2-3yr,5,1700
15904,Age:2-3yr,5,1800
15905,Age:2-3yr,5,1500
15906,Age:2-3yr,5,1500
15907,Age:2-3yr,5,1500
15908,Age:2-3yr,5,1700
15909,Age:2-3yr,5,1500
15901,Age:3-4yr,5,1600
15902,Age:3-4yr,5,1800
15903,Age:3-4yr,5,1800
15904,Age:3-4yr,5,1900
15905,Age:3-4yr,5,1600
15906,Age:3-4yr,5,1600
15907,Age:3-4yr,5,1600
15908,Age:3-4yr,5,1800
15909,Age:3-4yr,5,1600
15901,Age:4-5yr,5,1700
15902,Age:4-5yr,5,2000
15903,Age:4-5yr,5,2000
15904,Age:4-5yr,5,2000
15905,Age:4-5yr,5,1700
15906,Age:4-5yr,5,1700
15907,Age:4-5yr,5,1700
15908,Age:4-5yr,5,2000
15909,Age:4-5yr,5,1700
15901,Age:5-6yr,5,1800
15902,Age:5-6yr,5,2200
15903,Age:5-6yr,5,2200
15904,Age:5-6yr,5,2400
15905,Age:5-6yr,5,1800
15906,Age:5-6yr,5,1800
15907,Age:5-6yr,5,1800
15908,Age:5-6yr,5,2200
15909,Age:5-6yr,5,1800
15901,Age:6-7yr,5,2000
15902,Age:6-7yr,5,2400
15903,Age:6-7yr,5,2400
15904,Age:6-7yr,5,2600
15905,Age:6-7yr,5,2000
15906,Age:6-7yr,5,2000
15907,Age:6-7yr,5,2000
15908,Age:6-7yr,5,2400
15909,Age:6-7yr,5,2000
15901,Age:8-9yr,5,2200
15902,Age:8-9yr,5,2600
15903,Age:8-9yr,5,2600
15904,Age:8-9yr,5,2800
15905,Age:8-9yr,5,2200
15906,Age:8-9yr,5,2200
15907,Age:8-9yr,5,2200
15908,Age:8-9yr,5,2600
15909,Age:8-9yr,5,2200
15901,Age:10-11yr,5,2400
15902,Age:10-11yr,5,2800
15903,Age:10-11yr,5,2800
15904,Age:10-11yr,5,3000
15905,Age:10-11yr,5,2400
15906,Age:10-11yr,5,2400
15907,Age:10-11yr,5,2400
15908,Age:10-11yr,5,2800
15909,Age:10-11yr,5,2400
15901,Age:11-12yr,5,2600
15902,Age:11-12yr,5,3000
15903,Age:11-12yr,5,3000
15904,Age:11-12yr,5,3200
15905,Age:11-12yr,5,2600
15906,Age:11-12yr,5,2600
15907,Age:11-12yr,5,2600
15908,Age:11-12yr,5,3000
15909,Age:11-12yr,5,2600
15901,Age:12-13yr,5,2800
15902,Age:12-13yr,5,3000
15903,Age:12-13yr,5,3000
15904,Age:12-13yr,5,3400
15905,Age:12-13yr,5,2800
15906,Age:12-13yr,5,2800
15907,Age:12-13yr,5,2800
15908,Age:12-13yr,5,3000
15909,Age:12-13yr,5,2800
