product_ids,attributes,quantity,supplier cost,MRP
15223,size:36,5,208.9090909,0
15223,size:38,5,208.9090909,0
15223,size:40,5,208.9090909,0
15223,size:42,5,208.9090909,0
15223,size:44,5,208.9090909,0
15223,size:46,5,229.8,42
15223,size:48,5,250.6909091,84
15223,size:50,5,271.5818182,126
15223,size:52,5,292.4727273,167
15224,size:36,5,127.2545455,0
15224,size:38,5,127.2545455,0
15224,size:40,5,127.2545455,0
15224,size:42,5,127.2545455,0
15224,size:44,5,127.2545455,0
15224,size:46,5,139.9800001,25
15224,size:48,5,152.7054546,51
15224,size:50,5,165.4309092,76
15224,size:52,5,178.1563637,102
15225,size:36,5,269.5454545,0
15225,size:38,5,269.5454545,0
15225,size:40,5,269.5454545,0
15225,size:42,5,269.5454545,0
15225,size:44,5,269.5454545,0
15225,size:46,5,296.5,53
15225,size:48,5,323.4545454,107
15225,size:50,5,350.4090909,161
15225,size:52,5,377.3636363,215
15226,size:36,5,233.6363636,0
15226,size:38,5,233.6363636,0
15226,size:40,5,233.6363636,0
15226,size:42,5,233.6363636,0
15226,size:44,5,233.6363636,0
15226,size:46,5,257,46
15226,size:48,5,280.3636363,93
15226,size:50,5,303.7272727,140
15226,size:52,5,327.090909,187
15227,size:36,5,390.8909091,0
15227,size:38,5,390.8909091,0
15227,size:40,5,390.8909091,0
15227,size:42,5,390.8909091,0
15227,size:44,5,390.8909091,0
15227,size:46,5,429.98,78
15227,size:48,5,469.0690909,157
15227,size:50,5,508.1581818,235
15227,size:52,5,547.2472727,313
15228,size:36,5,390.8909091,0
15228,size:38,5,390.8909091,0
15228,size:40,5,390.8909091,0
15228,size:42,5,390.8909091,0
15228,size:44,5,390.8909091,0
15228,size:46,5,429.98,78
15228,size:48,5,469.0690909,157
15228,size:50,5,508.1581818,235
15228,size:52,5,547.2472727,313
15229,size:36,5,172.7090909,0
15229,size:38,5,172.7090909,0
15229,size:40,5,172.7090909,0
15229,size:42,5,172.7090909,0
15229,size:44,5,172.7090909,0
15229,size:46,5,189.98,34
15229,size:48,5,207.2509091,69
15229,size:50,5,224.5218182,104
15229,size:52,5,241.7927273,138
15230,size:36,5,191.8181818,0
15230,size:38,5,191.8181818,0
15230,size:40,5,191.8181818,0
15230,size:42,5,191.8181818,0
15230,size:44,5,191.8181818,0
15230,size:46,5,211,38
15230,size:48,5,230.1818182,77
15230,size:50,5,249.3636363,115
15230,size:52,5,268.5454545,154
15231,size:36,5,149.5454545,0
15231,size:38,5,149.5454545,0
15231,size:40,5,149.5454545,0
15231,size:42,5,149.5454545,0
15231,size:44,5,149.5454545,0
15231,size:46,5,164.5,29
15231,size:48,5,179.4545454,59
15231,size:50,5,194.4090909,89
15231,size:52,5,209.3636363,119
15232,size:36,5,184.0909091,0
15232,size:38,5,184.0909091,0
15232,size:40,5,184.0909091,0
15232,size:42,5,184.0909091,0
15232,size:44,5,184.0909091,0
15232,size:46,5,202.5,37
15232,size:48,5,220.9090909,73
15232,size:50,5,239.3181818,110
15232,size:52,5,257.7272727,147
15233,size:36,5,171.8181818,0
15233,size:38,5,171.8181818,0
15233,size:40,5,171.8181818,0
15233,size:42,5,171.8181818,0
15233,size:44,5,171.8181818,0
15233,size:46,5,189,34
15233,size:48,5,206.1818182,69
15233,size:50,5,223.3636363,103
15233,size:52,5,240.5454545,138
15234,size:36,5,190.8909091,0
15234,size:38,5,190.8909091,0
15234,size:40,5,190.8909091,0
15234,size:42,5,190.8909091,0
15234,size:44,5,190.8909091,0
15234,size:46,5,209.98,38
15234,size:48,5,229.0690909,77
15234,size:50,5,248.1581818,115
15234,size:52,5,267.2472727,153
15235,size:36,5,195.4545455,0
15235,size:38,5,195.4545455,0
15235,size:40,5,195.4545455,0
15235,size:42,5,195.4545455,0
15235,size:44,5,195.4545455,0
15235,size:46,5,215.0000001,40
15235,size:48,5,234.5454546,79
15235,size:50,5,254.0909092,118
15235,size:52,5,273.6363637,157
15236,size:36,5,390.8909091,0
15236,size:38,5,390.8909091,0
15236,size:40,5,390.8909091,0
15236,size:42,5,390.8909091,0
15236,size:44,5,390.8909091,0
15236,size:46,5,429.98,78
15236,size:48,5,469.0690909,157
15236,size:50,5,508.1581818,235
15236,size:52,5,547.2472727,313
