product_ids,attributes,quantity,supplier cost,MRP
15350,size:36,5,70,0
15350,size:38,5,70,0
15350,size:40,5,70,0
15350,size:42,5,70,0
15350,size:44,5,70,0
15350,size:46,5,77,14
15350,size:48,5,84,28
15350,size:50,5,91,42
15350,size:52,5,98,56
15351,size:36,5,63.61818182,0
15351,size:38,5,63.61818182,0
15351,size:40,5,63.61818182,0
15351,size:42,5,63.61818182,0
15351,size:44,5,63.61818182,0
15351,size:46,5,69.98,12
15351,size:48,5,76.34181818,25
15351,size:50,5,82.70363637,38
15351,size:52,5,89.06545455,51
15352,size:36,5,72.70909091,0
15352,size:38,5,72.70909091,0
15352,size:40,5,72.70909091,0
15352,size:42,5,72.70909091,0
15352,size:44,5,72.70909091,0
15352,size:46,5,79.98,14
15352,size:48,5,87.25090909,29
15352,size:50,5,94.52181818,44
15352,size:52,5,101.7927273,58
15353,size:36,5,68.63636364,0
15353,size:38,5,68.63636364,0
15353,size:40,5,68.63636364,0
15353,size:42,5,68.63636364,0
15353,size:44,5,68.63636364,0
15353,size:46,5,75.5,14
15353,size:48,5,82.36363637,27
15353,size:50,5,89.22727273,41
15353,size:52,5,96.0909091,55
15354,size:36,5,68.63636364,0
15354,size:38,5,68.63636364,0
15354,size:40,5,68.63636364,0
15354,size:42,5,68.63636364,0
15354,size:44,5,68.63636364,0
15354,size:46,5,75.5,14
15354,size:48,5,82.36363637,27
15354,size:50,5,89.22727273,41
15354,size:52,5,96.0909091,55
15355,size:36,5,68.63636364,0
15355,size:38,5,68.63636364,0
15355,size:40,5,68.63636364,0
15355,size:42,5,68.63636364,0
15355,size:44,5,68.63636364,0
15355,size:46,5,75.5,14
15355,size:48,5,82.36363637,27
15355,size:50,5,89.22727273,41
15355,size:52,5,96.0909091,55
15356,size:36,5,31.29545455,0
15356,size:38,5,31.29545455,0
15356,size:40,5,31.29545455,0
15356,size:42,5,31.29545455,0
15356,size:44,5,31.29545455,0
15356,size:46,5,34.42500001,6
15356,size:48,5,37.55454546,13
15356,size:50,5,40.68409092,19
15356,size:52,5,43.81363637,25
15357,size:36,5,40.84090909,0
15357,size:38,5,40.84090909,0
15357,size:40,5,40.84090909,0
15357,size:42,5,40.84090909,0
15357,size:44,5,40.84090909,0
15357,size:46,5,44.925,8
15357,size:48,5,49.00909091,17
15357,size:50,5,53.09318182,25
15357,size:52,5,57.17727273,33
15358,size:36,5,39.47727273,0
15358,size:38,5,39.47727273,0
15358,size:40,5,39.47727273,0
15358,size:42,5,39.47727273,0
15358,size:44,5,39.47727273,0
15358,size:46,5,43.425,8
15358,size:48,5,47.37272728,16
15358,size:50,5,51.32045455,24
15358,size:52,5,55.26818182,32
15359,size:36,5,35.38636364,0
15359,size:38,5,35.38636364,0
15359,size:40,5,35.38636364,0
15359,size:42,5,35.38636364,0
15359,size:44,5,35.38636364,0
15359,size:46,5,38.925,7
15359,size:48,5,42.46363637,14
15359,size:50,5,46.00227273,22
15359,size:52,5,49.5409091,29
15360,size:36,5,35.38636364,0
15360,size:38,5,35.38636364,0
15360,size:40,5,35.38636364,0
15360,size:42,5,35.38636364,0
15360,size:44,5,35.38636364,0
15360,size:46,5,38.925,7
15360,size:48,5,42.46363637,14
15360,size:50,5,46.00227273,22
15360,size:52,5,49.5409091,29
15361,size:36,5,31.29545455,0
15361,size:38,5,31.29545455,0
15361,size:40,5,31.29545455,0
15361,size:42,5,31.29545455,0
15361,size:44,5,31.29545455,0
15361,size:46,5,34.42500001,6
15361,size:48,5,37.55454546,13
15361,size:50,5,40.68409092,19
15361,size:52,5,43.81363637,25
15362,size:36,5,45.72272727,0
15362,size:38,5,45.72272727,0
15362,size:40,5,45.72272727,0
15362,size:42,5,45.72272727,0
15362,size:44,5,45.72272727,0
15362,size:46,5,50.295,9
15362,size:48,5,54.86727272,18
15362,size:50,5,59.43954545,27
15362,size:52,5,64.01181818,37
15363,size:36,5,68.85,0
15363,size:38,5,68.85,0
15363,size:40,5,68.85,0
15363,size:42,5,68.85,0
15363,size:44,5,68.85,0
15363,size:46,5,75.735,14
15363,size:48,5,82.62,28
15363,size:50,5,89.505,42
15363,size:52,5,96.39,55
15364,size:36,5,63.61818182,0
15364,size:38,5,63.61818182,0
15364,size:40,5,63.61818182,0
15364,size:42,5,63.61818182,0
15364,size:44,5,63.61818182,0
15364,size:46,5,69.98,12
15364,size:48,5,76.34181818,25
15364,size:50,5,82.70363637,38
15364,size:52,5,89.06545455,51
15365,size:36,5,30.89090909,0
15365,size:38,5,30.89090909,0
15365,size:40,5,30.89090909,0
15365,size:42,5,30.89090909,0
15365,size:44,5,30.89090909,0
15365,size:46,5,33.98,6
15365,size:48,5,37.06909091,13
15365,size:50,5,40.15818182,19
15365,size:52,5,43.24727273,25
15366,size:36,5,30.89090909,0
15366,size:38,5,30.89090909,0
15366,size:40,5,30.89090909,0
15366,size:42,5,30.89090909,0
15366,size:44,5,30.89090909,0
15366,size:46,5,33.98,6
15366,size:48,5,37.06909091,13
15366,size:50,5,40.15818182,19
15366,size:52,5,43.24727273,25
15367,size:36,5,31.81818182,0
15367,size:38,5,31.81818182,0
15367,size:40,5,31.81818182,0
15367,size:42,5,31.81818182,0
15367,size:44,5,31.81818182,0
15367,size:46,5,35,7
15367,size:48,5,38.18181818,13
15367,size:50,5,41.36363637,19
15367,size:52,5,44.54545455,26
15368,size:36,5,31.81818182,0
15368,size:38,5,31.81818182,0
15368,size:40,5,31.81818182,0
15368,size:42,5,31.81818182,0
15368,size:44,5,31.81818182,0
15368,size:46,5,35,7
15368,size:48,5,38.18181818,13
15368,size:50,5,41.36363637,19
15368,size:52,5,44.54545455,26
15369,size:36,5,30.54545454,0
15369,size:38,5,30.54545454,0
15369,size:40,5,30.54545454,0
15369,size:42,5,30.54545454,0
15369,size:44,5,30.54545454,0
15369,size:46,5,33.6,6
15369,size:48,5,36.65454545,12
15369,size:50,5,39.70909091,18
15369,size:52,5,42.76363636,24
15370,size:36,5,33.63636364,0
15370,size:38,5,33.63636364,0
15370,size:40,5,33.63636364,0
15370,size:42,5,33.63636364,0
15370,size:44,5,33.63636364,0
15370,size:46,5,37,7
15370,size:48,5,40.36363637,13
15370,size:50,5,43.72727273,20
15370,size:52,5,47.0909091,27
15371,size:36,5,38.85909091,0
15371,size:38,5,38.85909091,0
15371,size:40,5,38.85909091,0
15371,size:42,5,38.85909091,0
15371,size:44,5,38.85909091,0
15371,size:46,5,42.745,8
15371,size:48,5,46.6309091,16
15371,size:50,5,50.51681819,24
15371,size:52,5,54.40272728,31
15372,size:36,5,39.58181818,0
15372,size:38,5,39.58181818,0
15372,size:40,5,39.58181818,0
15372,size:42,5,39.58181818,0
15372,size:44,5,39.58181818,0
15372,size:46,5,43.54,8
15372,size:48,5,47.49818182,15
15372,size:50,5,51.45636364,23
15372,size:52,5,55.41454546,31
15373,size:36,5,21.66818182,0
15373,size:38,5,21.66818182,0
15373,size:40,5,21.66818182,0
15373,size:42,5,21.66818182,0
15373,size:44,5,21.66818182,0
15373,size:46,5,23.835,4
15373,size:48,5,26.00181818,9
15373,size:50,5,28.16863637,13
15373,size:52,5,30.33545455,17
15374,size:36,5,33.63636364,0
15374,size:38,5,33.63636364,0
15374,size:40,5,33.63636364,0
15374,size:42,5,33.63636364,0
15374,size:44,5,33.63636364,0
15374,size:46,5,37,7
15374,size:48,5,40.36363637,13
15374,size:50,5,43.72727273,20
15374,size:52,5,47.0909091,27
15375,size:36,5,46.81818182,0
15375,size:38,5,46.81818182,0
15375,size:40,5,46.81818182,0
15375,size:42,5,46.81818182,0
15375,size:44,5,46.81818182,0
15375,size:46,5,51.5,10
15375,size:48,5,56.18181818,19
15375,size:50,5,60.86363637,28
15375,size:52,5,65.54545455,38
15376,size:36,5,30.54090909,0
15376,size:38,5,30.54090909,0
15376,size:40,5,30.54090909,0
15376,size:42,5,30.54090909,0
15376,size:44,5,30.54090909,0
15376,size:46,5,33.595,6
15376,size:48,5,36.64909091,12
15376,size:50,5,39.70318182,18
15376,size:52,5,42.75727273,24
15377,size:36,5,79.71363636,0
15377,size:38,5,79.71363636,0
15377,size:40,5,79.71363636,0
15377,size:42,5,79.71363636,0
15377,size:44,5,79.71363636,0
15377,size:46,5,87.685,16
15377,size:48,5,95.65636363,32
15377,size:50,5,103.6277273,48
15377,size:52,5,111.5990909,64
15378,size:36,5,38.85909091,0
15378,size:38,5,38.85909091,0
15378,size:40,5,38.85909091,0
15378,size:42,5,38.85909091,0
15378,size:44,5,38.85909091,0
15378,size:46,5,42.745,8
15378,size:48,5,46.6309091,16
15378,size:50,5,50.51681819,24
15378,size:52,5,54.40272728,31
15379,size:36,5,76.98636363,0
15379,size:38,5,76.98636363,0
15379,size:40,5,76.98636363,0
15379,size:42,5,76.98636363,0
15379,size:44,5,76.98636363,0
15379,size:46,5,84.685,16
15379,size:48,5,92.38363636,31
15379,size:50,5,100.0822727,47
15379,size:52,5,107.7809091,62
15380,size:36,5,44.25909091,0
15380,size:38,5,44.25909091,0
15380,size:40,5,44.25909091,0
15380,size:42,5,44.25909091,0
15380,size:44,5,44.25909091,0
15380,size:46,5,48.685,9
15380,size:48,5,53.11090909,18
15380,size:50,5,57.53681818,27
15380,size:52,5,61.96272727,35
15381,size:36,5,15.43636364,0
15381,size:38,5,15.43636364,0
15381,size:40,5,15.43636364,0
15381,size:42,5,15.43636364,0
15381,size:44,5,15.43636364,0
15381,size:46,5,16.98,3
15381,size:48,5,18.52363637,7
15381,size:50,5,20.06727273,10
15381,size:52,5,21.6109091,13
15382,size:36,5,15.43636364,0
15382,size:38,5,15.43636364,0
15382,size:40,5,15.43636364,0
15382,size:42,5,15.43636364,0
15382,size:44,5,15.43636364,0
15382,size:46,5,16.98,3
15382,size:48,5,18.52363637,7
15382,size:50,5,20.06727273,10
15382,size:52,5,21.6109091,13
15383,size:36,5,15.43636364,0
15383,size:38,5,15.43636364,0
15383,size:40,5,15.43636364,0
15383,size:42,5,15.43636364,0
15383,size:44,5,15.43636364,0
15383,size:46,5,16.98,3
15383,size:48,5,18.52363637,7
15383,size:50,5,20.06727273,10
15383,size:52,5,21.6109091,13
15384,size:36,5,15.43636364,0
15384,size:38,5,15.43636364,0
15384,size:40,5,15.43636364,0
15384,size:42,5,15.43636364,0
15384,size:44,5,15.43636364,0
15384,size:46,5,16.98,3
15384,size:48,5,18.52363637,7
15384,size:50,5,20.06727273,10
15384,size:52,5,21.6109091,13
15385,size:36,5,15.43636364,0
15385,size:38,5,15.43636364,0
15385,size:40,5,15.43636364,0
15385,size:42,5,15.43636364,0
15385,size:44,5,15.43636364,0
15385,size:46,5,16.98,3
15385,size:48,5,18.52363637,7
15385,size:50,5,20.06727273,10
15385,size:52,5,21.6109091,13
15386,size:36,5,15.43636364,0
15386,size:38,5,15.43636364,0
15386,size:40,5,15.43636364,0
15386,size:42,5,15.43636364,0
15386,size:44,5,15.43636364,0
15386,size:46,5,16.98,3
15386,size:48,5,18.52363637,7
15386,size:50,5,20.06727273,10
15386,size:52,5,21.6109091,13
15387,size:36,5,15.43636364,0
15387,size:38,5,15.43636364,0
15387,size:40,5,15.43636364,0
15387,size:42,5,15.43636364,0
15387,size:44,5,15.43636364,0
15387,size:46,5,16.98,3
15387,size:48,5,18.52363637,7
15387,size:50,5,20.06727273,10
15387,size:52,5,21.6109091,13
15388,size:36,5,15.43636364,0
15388,size:38,5,15.43636364,0
15388,size:40,5,15.43636364,0
15388,size:42,5,15.43636364,0
15388,size:44,5,15.43636364,0
15388,size:46,5,16.98,3
15388,size:48,5,18.52363637,7
15388,size:50,5,20.06727273,10
15388,size:52,5,21.6109091,13
