product_id,Attribution,Qty,Supplier Cost
9596,Age:1-4,5,10
9596,Age:5-6,5,10
9596,Age:7-8,5,10
9596,Age:9-10,5,10.90909091
9596,Age:11-12,5,10.90909091
9597,Age:1-4,5,10
9597,Age:5-6,5,10
9597,Age:7-8,5,10
9597,Age:9-10,5,10.90909091
9597,Age:11-12,5,10.90909091
9598,Age:1-4,5,18.18181818
9598,Age:5-6,5,18.18181818
9598,Age:7-8,5,18.18181818
9598,Age:9-10,5,19.09090909
9598,Age:11-12,5,19.09090909
9599,Age:1-4,5,10
9599,Age:5-6,5,10
9599,Age:7-8,5,10
9599,Age:9-10,5,10.90909091
9599,Age:11-12,5,10.90909091
9600,Age:1-4,5,18.18181818
9600,Age:5-6,5,18.18181818
9600,Age:7-8,5,18.18181818
9600,Age:9-10,5,20
9600,Age:11-12,5,20
9601,Age:1-4,5,18.18181818
9601,Age:5-6,5,18.18181818
9601,Age:7-8,5,18.18181818
9601,Age:9-10,5,19.09090909
9601,Age:11-12,5,19.09090909
9602,Age:1-4,5,20
9602,Age:5-6,5,20
9602,Age:7-8,5,20
9602,Age:9-10,5,21.81818182
9602,Age:11-12,5,21.81818182
9603,Age:1-4,5,19.09090909
9603,Age:5-6,5,19.09090909
9603,Age:7-8,5,19.09090909
9603,Age:9-10,5,20
9603,Age:11-12,5,20
9604,Age:1-4,5,18.18181818
9604,Age:5-6,5,18.18181818
9604,Age:7-8,5,18.18181818
9604,Age:9-10,5,20
9604,Age:11-12,5,20
9605,Age:1-4,5,29.09090909
9605,Age:5-6,5,29.09090909
9605,Age:7-8,5,29.09090909
9605,Age:9-10,5,30.90909091
9605,Age:11-12,5,30.90909091
9606,Age:1-4,5,11.81818182
9606,Age:5-6,5,11.81818182
9606,Age:7-8,5,11.81818182
9606,Age:9-10,5,12.72727273
9606,Age:11-12,5,12.72727273
9607,Age:1-4,5,10
9607,Age:5-6,5,10
9607,Age:7-8,5,10
9607,Age:9-10,5,10.90909091
9607,Age:11-12,5,10.90909091
9608,Age:1-4,5,17.27272727
9608,Age:5-6,5,17.27272727
9608,Age:7-8,5,17.27272727
9608,Age:9-10,5,18.18181818
9608,Age:11-12,5,18.18181818
9609,Age:1-4,5,20
9609,Age:5-6,5,20
9609,Age:7-8,5,20
9609,Age:9-10,5,21.81818182
9609,Age:11-12,5,21.81818182
9610,Age:1-4,5,10
9610,Age:5-6,5,10
9610,Age:7-8,5,10
9610,Age:9-10,5,10.90909091
9610,Age:11-12,5,10.90909091
9611,Age:1-4,5,20
9611,Age:5-6,5,20
9611,Age:7-8,5,20
9611,Age:9-10,5,21.81818182
9611,Age:11-12,5,21.81818182
9612,Age:1-4,5,19.09090909
9612,Age:5-6,5,19.09090909
9612,Age:7-8,5,19.09090909
9612,Age:9-10,5,20
9612,Age:11-12,5,20
