Product ID,Attribution,Quantity
62241,Size: 36,1
62242,Size: 36,1
62243,Size: 36,1
62244,Size: 36,1
62245,Size: 36,1
62246,Size: 36,1
62247,Size: 36,1
62248,Size: 36,1
62249,Size: 36,1
62241,Size: 38,1
62242,Size: 38,1
62243,Size: 38,1
62244,Size: 38,1
62245,Size: 38,1
62246,Size: 38,1
62247,Size: 38,1
62248,Size: 38,1
62249,Size: 38,1
62241,Size: 40,1
62242,Size: 40,1
62243,Size: 40,1
62244,Size: 40,1
62245,Size: 40,1
62246,Size: 40,1
62247,Size: 40,1
62248,Size: 40,1
62249,Size: 40,1
62241,Size: 42,1
62242,Size: 42,1
62243,Size: 42,1
62244,Size: 42,1
62245,Size: 42,1
62246,Size: 42,1
62247,Size: 42,1
62248,Size: 42,1
62249,Size: 42,1
62241,Size: 44,1
62242,Size: 44,1
62243,Size: 44,1
62244,Size: 44,1
62245,Size: 44,1
62246,Size: 44,1
62247,Size: 44,1
62248,Size: 44,1
62249,Size: 44,1
62241,Size: 46,1
62242,Size: 46,1
62243,Size: 46,1
62244,Size: 46,1
62245,Size: 46,1
62246,Size: 46,1
62247,Size: 46,1
62248,Size: 46,1
62249,Size: 46,1
62241,Size: 48,1
62242,Size: 48,1
62243,Size: 48,1
62244,Size: 48,1
62245,Size: 48,1
62246,Size: 48,1
62247,Size: 48,1
62248,Size: 48,1
62249,Size: 48,1
62241,Size: 50,1
62242,Size: 50,1
62243,Size: 50,1
62244,Size: 50,1
62245,Size: 50,1
62246,Size: 50,1
62247,Size: 50,1
62248,Size: 50,1
62249,Size: 50,1
62241,Size: 52,1
62242,Size: 52,1
62243,Size: 52,1
62244,Size: 52,1
62245,Size: 52,1
62246,Size: 52,1
62247,Size: 52,1
62248,Size: 52,1
62249,Size: 52,1
