Product ID,Attribution,Quantity
61732,Size: 36,2
61733,Size: 36,2
61734,Size: 36,2
61735,Size: 36,2
61736,Size: 36,2
61737,Size: 36,2
61738,Size: 36,2
61739,Size: 36,2
61740,Size: 36,2
61741,Size: 36,2
61742,Size: 36,2
61743,Size: 36,2
61744,Size: 36,2
61745,Size: 36,2
61746,Size: 36,2
61747,Size: 36,2
61748,Size: 36,2
61749,Size: 36,2
61750,Size: 36,2
61751,Size: 36,2
61752,Size: 36,2
61753,Size: 36,2
61754,Size: 36,2
61755,Size: 36,2
61756,Size: 36,2
61757,Size: 36,2
61758,Size: 36,2
61759,Size: 36,2
61760,Size: 36,2
61761,Size: 36,2
61762,Size: 36,2
61763,Size: 36,2
61764,Size: 36,2
61732,Size: 38,2
61733,Size: 38,2
61734,Size: 38,2
61735,Size: 38,2
61736,Size: 38,2
61737,Size: 38,2
61738,Size: 38,2
61739,Size: 38,2
61740,Size: 38,2
61741,Size: 38,2
61742,Size: 38,2
61743,Size: 38,2
61744,Size: 38,2
61745,Size: 38,2
61746,Size: 38,2
61747,Size: 38,2
61748,Size: 38,2
61749,Size: 38,2
61750,Size: 38,2
61751,Size: 38,2
61752,Size: 38,2
61753,Size: 38,2
61754,Size: 38,2
61755,Size: 38,2
61756,Size: 38,2
61757,Size: 38,2
61758,Size: 38,2
61759,Size: 38,2
61760,Size: 38,2
61761,Size: 38,2
61762,Size: 38,2
61763,Size: 38,2
61764,Size: 38,2
61732,Size: 40,2
61733,Size: 40,2
61734,Size: 40,2
61735,Size: 40,2
61736,Size: 40,2
61737,Size: 40,2
61738,Size: 40,2
61739,Size: 40,2
61740,Size: 40,2
61741,Size: 40,2
61742,Size: 40,2
61743,Size: 40,2
61744,Size: 40,2
61745,Size: 40,2
61746,Size: 40,2
61747,Size: 40,2
61748,Size: 40,2
61749,Size: 40,2
61750,Size: 40,2
61751,Size: 40,2
61752,Size: 40,2
61753,Size: 40,2
61754,Size: 40,2
61755,Size: 40,2
61756,Size: 40,2
61757,Size: 40,2
61758,Size: 40,2
61759,Size: 40,2
61760,Size: 40,2
61761,Size: 40,2
61762,Size: 40,2
61763,Size: 40,2
61764,Size: 40,2
61732,Size: 42,2
61733,Size: 42,2
61734,Size: 42,2
61735,Size: 42,2
61736,Size: 42,2
61737,Size: 42,2
61738,Size: 42,2
61739,Size: 42,2
61740,Size: 42,2
61741,Size: 42,2
61742,Size: 42,2
61743,Size: 42,2
61744,Size: 42,2
61745,Size: 42,2
61746,Size: 42,2
61747,Size: 42,2
61748,Size: 42,2
61749,Size: 42,2
61750,Size: 42,2
61751,Size: 42,2
61752,Size: 42,2
61753,Size: 42,2
61754,Size: 42,2
61755,Size: 42,2
61756,Size: 42,2
61757,Size: 42,2
61758,Size: 42,2
61759,Size: 42,2
61760,Size: 42,2
61761,Size: 42,2
61762,Size: 42,2
61763,Size: 42,2
61764,Size: 42,2
61732,Size: 44,2
61733,Size: 44,2
61734,Size: 44,2
61735,Size: 44,2
61736,Size: 44,2
61737,Size: 44,2
61738,Size: 44,2
61739,Size: 44,2
61740,Size: 44,2
61741,Size: 44,2
61742,Size: 44,2
61743,Size: 44,2
61744,Size: 44,2
61745,Size: 44,2
61746,Size: 44,2
61747,Size: 44,2
61748,Size: 44,2
61749,Size: 44,2
61750,Size: 44,2
61751,Size: 44,2
61752,Size: 44,2
61753,Size: 44,2
61754,Size: 44,2
61755,Size: 44,2
61756,Size: 44,2
61757,Size: 44,2
61758,Size: 44,2
61759,Size: 44,2
61760,Size: 44,2
61761,Size: 44,2
61762,Size: 44,2
61763,Size: 44,2
61764,Size: 44,2
